GRISEL_87
8
 10 11 446 77 128 726 1
 20 80 400 206 81 728 2
 311 153 257 945 90 734 3
 560 201 208 25 19 739 4
 560 389 205 25 19 740 5
 560 296 206 25 19 741 6
 560 346 205 25 19 742 7
 560 246 207 25 19 743 8
 0
5
 16744448 5 161 265 161 265 161 217 161 217 204 217 204 217 0 3 0 4
 16744448 5 161 283 161 283 141 283 141 201 249 201 249 216 0 3 0 8
 16744448 5 161 301 161 301 132 301 132 192 299 192 299 215 0 3 0 6
 16744448 5 161 319 161 319 122 319 122 183 349 183 349 214 0 3 0 7
 16744448 5 161 337 161 337 112 337 112 175 392 175 392 214 0 3 0 5
0
0
