GRISEL_87
11
 10 444 171 77 128 341 1
 20 514 347 206 81 343 2
 570 809 138 116 243 349 3
 311 390 436 945 90 378 4
 565 942 10 76 122 383 5
 565 639 13 76 122 387 6
 565 556 13 76 122 391 7
 565 721 13 76 122 395 8
 565 1024 10 76 122 399 9
 565 1106 10 76 122 403 10
 550 754 362 25 25 411 21
 1
31
 65280 5 776 127 776 127 776 148 814 148 814 147 814 147 0 8 0 3
 65280 5 814 161 814 161 764 161 764 161 764 127 764 127 0 3 0 8
 65280 5 752 127 752 127 752 175 752 175 814 175 814 175 0 8 0 3
 65280 5 814 189 814 189 740 189 740 189 740 127 740 127 0 3 0 8
 65280 5 814 203 814 203 694 203 694 203 694 127 694 127 0 3 0 6
 65280 5 682 127 682 127 682 217 682 217 814 217 814 217 0 6 0 3
 65280 5 814 231 814 231 670 231 670 231 670 127 670 127 0 3 0 6
 65280 5 658 127 658 127 658 245 658 245 814 245 814 245 0 6 0 3
 65280 5 814 259 814 259 611 259 611 259 611 127 611 127 0 3 0 7
 65280 5 599 127 599 127 599 273 599 273 814 273 814 273 0 7 0 3
 65280 5 814 287 814 287 587 287 587 287 587 127 587 127 0 3 0 7
 65280 5 575 127 575 127 575 301 575 301 814 301 814 301 0 7 0 3
 8454143 5 919 147 919 147 961 147 961 147 961 124 961 124 0 3 0 5
 8454143 5 919 161 919 161 973 161 973 161 973 124 973 124 0 3 0 5
 8454143 5 919 175 919 175 985 175 985 175 985 124 985 124 0 3 0 5
 8454143 5 997 124 997 124 997 189 997 189 919 189 919 189 0 5 0 3
 8454143 5 919 203 919 203 1043 203 1043 203 1043 124 1043 124 0 3 0 9
 8454143 5 1055 124 1055 124 1055 217 1055 217 919 217 919 217 0 9 0 3
 8454143 5 919 231 919 231 1067 231 1067 231 1067 124 1067 124 0 3 0 9
 8454143 5 1079 124 1079 124 1079 245 1079 245 919 245 919 245 0 9 0 3
 8454143 5 919 259 919 259 1125 259 1125 259 1125 124 1125 124 0 3 0 10
 8454143 5 919 273 919 273 1137 273 1137 273 1137 124 1137 124 0 3 0 10
 8454143 5 1149 124 1149 124 1149 287 1149 287 919 287 919 287 0 10 0 3
 8454143 5 919 301 919 301 1161 301 1161 301 1161 124 1161 124 0 3 0 10
 4227327 5 573 358 573 358 573 356 814 356 814 357 814 357 0 2 0 3
 16711680 5 398 444 398 444 398 315 398 315 814 315 814 315 0 4 0 3
 255 5 505 224 505 224 529 224 529 224 529 358 529 358 0 1 0 2
 0 5 505 284 505 284 505 416 505 416 529 416 529 416 0 1 0 2
 4227072 5 398 516 398 516 419 516 419 343 814 343 814 343 0 4 0 3
 16744448 5 398 480 398 480 408 480 408 329 814 329 814 329 0 4 0 3
 5263440 5 775 371 775 371 775 371 814 371 814 371 814 371 0 21 0 3
0
0
