GRISEL_87
12
 10 390 303 77 128 3020 1
 20 582 813 206 81 3022 2
 252 503 528 435 276 3028 3
 252 987 527 435 276 3092 4
 252 501 218 435 276 3156 5
 252 986 219 435 276 3220 6
 270 554 81 240 130 3284 7
 270 797 82 240 130 3301 8
 270 1041 83 240 130 3318 9
 270 1283 84 240 130 3335 10
 252 48 528 435 276 3352 11
 260 163 810 206 81 3416 14
 1
163
 255 5 231 594 231 594 231 594 231 555 231 555 231 555 0 11 0 11
 255 5 671 284 671 284 671 284 671 245 671 245 671 245 0 5 0 5
 255 5 788 284 788 284 788 284 788 245 788 245 788 245 0 5 0 5
 255 5 1156 285 1156 285 1156 285 1156 246 1156 246 1156 246 0 6 0 6
 255 5 1273 285 1273 285 1273 285 1273 246 1273 246 1273 246 0 6 0 6
 255 5 1222 593 1222 593 1222 593 1222 554 1222 554 1222 554 0 4 0 4
 255 5 1079 593 1079 593 1079 593 1079 554 1079 554 1079 554 0 4 0 4
 255 5 790 594 790 594 790 594 790 555 790 555 790 555 0 3 0 3
 255 5 673 594 673 594 673 594 673 555 673 555 673 555 0 3 0 3
 255 5 881 555 881 555 881 554 881 554 1040 554 1040 554 0 3 0 4
 255 5 1039 246 1039 246 879 246 879 246 879 245 879 245 0 6 0 5
 255 5 1039 285 1039 285 1039 285 1052 285 1052 246 1052 246 0 6 0 6
 255 5 1365 554 1365 554 1392 554 1392 246 1364 246 1364 246 0 4 0 6
 255 5 1352 554 1352 554 1352 554 1352 788 1352 788 1352 788 0 4 0 4
 255 5 881 789 881 789 881 788 881 788 1040 788 1040 788 0 3 0 4
 255 5 451 317 451 317 451 245 451 245 554 245 554 245 0 1 0 5
 255 5 554 284 554 284 567 284 567 284 567 245 567 245 0 5 0 5
 255 5 570 108 570 108 580 108 580 108 580 245 580 245 0 7 0 5
 255 5 801 245 801 245 801 109 801 109 813 109 813 109 0 5 0 8
 255 5 426 555 426 555 426 555 556 555 556 555 556 555 0 11 0 3
 255 5 556 594 556 594 569 594 569 594 569 555 569 555 0 3 0 3
 0 5 309 737 309 737 309 737 309 776 309 776 309 776 0 11 0 11
 0 5 426 776 426 776 426 776 556 776 556 776 556 776 0 11 0 3
 0 5 647 737 647 737 647 737 647 776 647 776 647 776 0 3 0 3
 0 5 764 737 764 737 764 737 764 776 764 776 764 776 0 3 0 3
 0 5 881 737 881 737 868 737 868 737 868 776 868 776 0 3 0 3
 0 5 881 776 881 776 881 775 881 775 1040 775 1040 775 0 3 0 4
 0 5 1196 736 1196 736 1196 736 1196 775 1196 775 1196 775 0 4 0 4
 0 5 1339 736 1339 736 1339 736 1339 775 1339 775 1339 775 0 4 0 4
 0 5 1365 775 1365 775 1376 775 1376 467 1364 467 1364 467 0 4 0 6
 0 5 451 416 451 416 451 466 451 466 554 466 554 466 0 1 0 5
 0 5 879 466 879 466 1039 466 1039 466 1039 467 1039 467 0 5 0 6
 0 5 1364 428 1364 428 1351 428 1351 428 1351 467 1351 467 0 6 0 6
 0 5 1247 428 1247 428 1247 428 1247 467 1247 467 1247 467 0 6 0 6
 0 5 1130 428 1130 428 1130 428 1130 467 1130 467 1130 467 0 6 0 6
 0 5 879 427 879 427 866 427 866 427 866 466 866 466 0 5 0 5
 0 5 762 427 762 427 762 427 762 466 762 466 762 466 0 5 0 5
 0 5 645 427 645 427 645 427 645 466 645 466 645 466 0 5 0 5
 16744448 5 593 284 593 284 593 204 593 204 591 204 591 204 0 5 0 7
 16744448 5 606 284 606 284 606 204 606 204 604 204 604 204 0 5 0 7
 16744448 5 619 284 619 284 619 204 619 204 617 204 617 204 0 5 0 7
 16744448 5 632 284 632 284 632 204 632 204 630 204 630 204 0 5 0 7
 16744448 5 645 284 645 284 645 204 645 204 643 204 643 204 0 5 0 7
 16744448 5 710 284 710 284 710 254 695 254 695 204 695 204 0 5 0 7
 16744448 5 723 284 723 284 723 247 708 247 708 204 708 204 0 5 0 7
 16744448 5 736 284 736 284 736 239 721 239 721 204 721 204 0 5 0 7
 16744448 5 749 284 749 284 749 230 734 230 734 204 734 204 0 5 0 7
 16744448 5 762 284 762 284 762 221 747 221 747 204 747 204 0 5 0 7
 16744448 5 567 297 567 297 656 297 656 297 656 204 656 204 0 5 0 7
 16744448 5 580 310 580 310 664 310 664 204 669 204 669 204 0 5 0 7
 16744448 5 684 297 684 297 755 297 755 204 760 204 760 204 0 5 0 7
 16744448 5 697 310 697 310 773 310 773 310 773 204 773 204 0 5 0 7
 16744448 5 827 284 827 284 827 205 827 205 834 205 834 205 0 5 0 8
 16744448 5 840 284 840 284 840 205 840 205 847 205 847 205 0 5 0 8
 16744448 5 853 284 853 284 853 205 853 205 860 205 860 205 0 5 0 8
 16744448 5 866 284 866 284 866 205 866 205 873 205 873 205 0 5 0 8
 16744448 5 879 284 879 284 879 284 886 284 886 205 886 205 0 5 0 8
 16744448 5 801 297 801 297 899 297 899 297 899 205 899 205 0 5 0 8
 16744448 5 814 310 814 310 912 310 912 310 912 205 912 205 0 5 0 8
 255 5 1065 246 1065 246 1065 110 1065 110 1057 110 1057 110 0 6 0 9
 255 5 1286 246 1286 246 1286 111 1286 111 1299 111 1299 111 0 6 0 10
 16744448 5 1078 206 1078 206 1078 206 1078 285 1078 285 1078 285 0 9 0 6
 16744448 5 1091 285 1091 285 1091 285 1091 206 1091 206 1091 206 0 6 0 9
 16744448 5 1104 206 1104 206 1104 206 1104 285 1104 285 1104 285 0 9 0 6
 16744448 5 1117 285 1117 285 1117 285 1117 206 1117 206 1117 206 0 6 0 9
 16744448 5 1130 206 1130 206 1130 206 1130 285 1130 285 1130 285 0 9 0 6
 16744448 5 1052 298 1052 298 1143 298 1143 298 1143 206 1143 206 0 6 0 9
 16744448 5 1065 311 1065 311 1150 311 1150 206 1156 206 1156 206 0 6 0 9
 16744448 5 1182 206 1182 206 1182 255 1195 255 1195 285 1195 285 0 9 0 6
 16744448 5 1208 285 1208 285 1208 250 1195 250 1195 206 1195 206 0 6 0 9
 16744448 5 1221 285 1221 285 1221 245 1208 245 1208 206 1208 206 0 6 0 9
 16744448 5 1234 285 1234 285 1234 234 1221 234 1221 206 1221 206 0 6 0 9
 16744448 5 1247 285 1247 285 1247 225 1234 225 1234 206 1234 206 0 6 0 9
 16744448 5 1169 298 1169 298 1241 298 1241 206 1247 206 1247 206 0 6 0 9
 16744448 5 1182 311 1182 311 1260 311 1260 311 1260 206 1260 206 0 6 0 9
 16744448 5 1312 285 1312 285 1312 207 1312 207 1320 207 1320 207 0 6 0 10
 16744448 5 1325 285 1325 285 1325 207 1325 207 1333 207 1333 207 0 6 0 10
 16744448 5 1338 285 1338 285 1338 207 1338 207 1346 207 1346 207 0 6 0 10
 16744448 5 1351 285 1351 285 1351 207 1351 207 1359 207 1359 207 0 6 0 10
 16744448 5 1364 285 1364 285 1364 207 1364 207 1372 207 1372 207 0 6 0 10
 16744448 5 1286 298 1286 298 1385 298 1385 298 1385 207 1385 207 0 6 0 10
 16744448 5 1299 311 1299 311 1398 311 1398 311 1398 207 1398 207 0 6 0 10
 16711680 5 569 698 569 698 544 698 544 427 554 427 554 427 0 3 0 5
 16711680 5 621 698 621 698 607 698 607 427 567 427 567 427 0 3 0 5
 65535 5 595 737 595 737 595 737 595 776 595 776 595 776 0 3 0 3
 65535 5 608 737 608 737 608 737 608 776 608 776 608 776 0 3 0 3
 255 5 597 824 597 824 582 824 582 824 582 789 582 789 0 2 0 3
 0 5 597 882 597 882 569 882 569 882 569 776 569 776 0 2 0 3
 16711680 5 634 698 634 698 629 698 629 414 619 414 619 414 0 3 0 5
 16711680 5 582 698 582 698 589 698 589 401 632 401 632 401 0 3 0 5
 16711680 5 699 698 699 698 692 698 692 401 749 401 749 401 0 3 0 5
 16711680 5 686 698 686 698 661 698 661 427 671 427 671 427 0 3 0 5
 16711680 5 803 698 803 698 780 698 780 427 788 427 788 427 0 3 0 5
 16711680 5 816 698 816 698 824 698 824 401 866 401 866 401 0 3 0 5
 16711680 5 738 698 738 698 726 698 726 427 684 427 684 427 0 3 0 5
 16711680 5 855 698 855 698 845 698 845 427 801 427 801 427 0 3 0 5
 16711680 5 751 698 751 698 744 698 744 414 736 414 736 414 0 3 0 5
 16711680 5 868 698 868 698 861 698 861 414 853 414 853 414 0 3 0 5
 33023 5 641 824 641 824 774 824 774 634 816 634 816 633 0 2 0 3
 33023 5 829 620 829 620 829 620 699 620 699 620 699 620 0 3 0 3
 33023 5 712 633 712 633 712 633 582 633 582 633 582 633 0 3 0 3
 65535 5 725 737 725 737 725 737 725 776 725 776 725 776 0 3 0 3
 65535 5 712 737 712 737 712 737 712 776 712 776 712 776 0 3 0 3
 65535 5 842 737 842 737 842 737 842 776 842 776 842 776 0 3 0 3
 16777088 5 556 737 556 737 582 737 582 737 582 776 582 776 0 3 0 3
 16777088 5 647 594 647 594 647 594 634 594 634 594 634 594 0 3 0 3
 16777088 5 634 607 634 607 634 607 569 607 569 607 569 607 0 3 0 3
 16777088 5 569 633 569 633 537 633 537 711 556 711 556 711 0 3 0 3
 16777088 5 673 711 673 711 673 620 673 620 686 620 686 620 0 3 0 3
 16777088 5 686 594 686 594 686 594 751 594 751 594 751 594 0 3 0 3
 16777088 5 751 607 751 607 751 607 764 607 764 607 764 607 0 3 0 3
 16777088 5 673 737 673 737 673 737 673 776 673 776 673 776 0 3 0 3
 16777088 5 790 737 790 737 790 737 790 776 790 776 790 776 0 3 0 3
 16777088 5 790 711 790 711 790 607 790 607 803 607 803 607 0 3 0 3
 16777088 5 803 594 803 594 803 594 868 594 868 594 868 594 0 3 0 3
 16777088 5 868 607 868 607 868 607 881 607 881 607 881 607 0 3 0 3
 255 5 101 789 101 789 101 789 101 555 101 555 101 555 0 11 0 11
 255 5 178 821 178 821 178 789 178 789 179 789 179 789 0 14 0 11
 0 5 178 879 178 879 166 879 166 879 166 776 166 776 0 14 0 11
 16776960 5 621 594 621 594 621 585 738 585 738 607 738 607 0 3 0 3
 16776960 5 738 633 738 633 738 627 855 627 855 633 855 633 0 3 0 3
 8453888 5 868 711 868 711 868 711 868 710 1248 710 1248 710 0 3 0 4
 8453888 5 855 711 855 711 855 715 1261 715 1261 710 1261 710 0 3 0 4
 8453888 5 803 711 803 711 803 720 1300 720 1300 710 1300 710 0 3 0 4
 8453888 5 816 711 816 711 816 705 1313 705 1313 710 1313 710 0 3 0 4
 8453888 5 1235 697 1235 697 1260 697 1260 415 1338 415 1338 415 0 4 0 6
 8453888 5 1274 697 1274 697 1275 697 1275 428 1286 428 1286 428 0 4 0 6
 8453888 5 1273 402 1273 402 1291 402 1291 697 1287 697 1287 697 0 6 0 4
 8453888 5 1326 697 1326 697 1326 402 1326 402 1351 402 1351 402 0 4 0 6
 8421376 5 751 711 751 711 751 656 1105 656 1105 632 1105 632 0 3 0 4
 8421376 5 738 711 738 711 738 660 1118 660 1118 632 1118 632 0 3 0 4
 8421376 5 686 711 686 711 686 652 1157 652 1157 632 1157 632 0 3 0 4
 8421376 5 699 711 699 711 699 664 1170 664 1170 632 1170 632 0 3 0 4
 8421376 5 1144 593 1144 593 1150 593 1150 428 1156 428 1156 428 0 4 0 6
 8421376 5 1183 593 1183 593 1183 428 1183 428 1234 428 1234 428 0 4 0 6
 8421376 5 1092 606 1092 606 1176 606 1176 415 1221 415 1221 415 0 4 0 6
 8421376 5 1131 593 1131 593 1137 593 1137 415 1169 415 1169 415 0 4 0 6
 16777088 5 1222 736 1222 736 1222 728 1079 728 1079 736 1079 736 0 4 0 4
 16777088 5 855 620 855 620 962 620 962 697 1079 697 1079 697 0 3 0 4
 32768 5 634 724 634 724 634 750 1105 750 1105 736 1105 736 0 3 0 4
 32768 5 621 724 621 724 621 746 1118 746 1118 736 1118 736 0 3 0 4
 32768 5 569 724 569 724 569 742 1157 742 1157 736 1157 736 0 3 0 4
 32768 5 1170 736 1170 736 1170 754 588 754 588 724 582 724 0 4 0 3
 32768 5 1092 697 1092 697 1098 697 1098 402 1104 402 1104 402 0 4 0 6
 32768 5 1131 697 1131 697 1111 697 1111 415 1052 415 1052 415 0 4 0 6
 32768 5 1144 697 1144 689 1050 689 1050 428 1039 428 1039 428 0 4 0 6
 32768 5 1183 697 1183 697 1189 697 1189 402 1117 402 1117 402 0 4 0 6
 16777088 5 621 620 621 620 621 620 283 620 283 620 283 620 0 3 0 11
 16777088 5 296 607 296 607 296 607 309 607 309 607 309 607 0 11 0 11
 16777088 5 309 633 309 633 352 633 352 633 352 821 352 821 0 11 0 14
 65535 5 270 711 270 711 270 717 829 717 829 737 829 737 0 11 0 3
 65535 5 219 821 219 821 219 737 219 737 244 737 244 737 0 14 0 11
 65535 5 270 737 270 737 270 737 257 737 257 737 257 737 0 11 0 11
 65535 5 231 698 231 698 231 698 283 698 283 698 283 698 0 11 0 11
 65535 5 295 821 295 821 295 737 295 737 296 737 296 737 0 14 0 11
 33023 5 1196 606 1196 606 1196 606 1339 606 1339 606 1339 606 0 4 0 4
 33023 5 1196 593 1196 593 1196 576 179 576 179 594 179 594 0 4 0 11
 33023 5 140 620 140 620 140 620 192 620 192 620 192 620 0 11 0 11
 33023 5 179 607 179 607 179 607 166 607 166 607 166 607 0 11 0 11
 33023 5 257 834 257 834 153 834 153 834 153 633 153 633 0 14 0 11
 255 5 127 594 127 594 127 594 127 555 127 555 127 555 0 11 0 11
 0 5 205 737 205 737 205 737 205 776 205 776 205 776 0 11 0 11
 16777088 5 205 633 205 633 205 633 296 633 296 633 296 633 0 11 0 11
13
 7190 1 16 550 646 5 0 0 -2 0 3
 7190 1 16 667 646 5 0 0 -2 0 3
 7190 1 16 784 646 5 0 0 -2 0 3
 7273 1 20 1073 645 5 0 0 -2 0 4
 7273 1 20 1216 645 5 0 0 -2 0 4
 7047 1 16 548 336 5 0 0 -2 0 5
 7047 1 16 665 336 5 0 0 -2 0 5
 7047 1 16 782 336 5 0 0 -2 0 5
 7047 1 16 1033 337 5 0 0 -2 0 6
 7047 1 16 1150 337 5 0 0 -2 0 6
 7047 1 16 1267 337 5 0 0 -2 0 6
 7002 1 14 225 646 5 0 0 -2 0 11
 7002 1 14 121 646 5 0 0 -2 0 11
0
