GRISEL_87
11
 10 390 303 77 128 0 1
 20 80 400 206 81 2 2
 252 503 528 435 276 8 3
 252 976 527 435 276 72 4
 252 501 218 435 276 136 5
 252 975 219 435 276 200 6
 270 554 81 240 130 264 7
 270 797 82 240 130 281 8
 270 1041 83 240 130 298 9
 270 1283 84 240 130 315 10
 252 48 528 435 276 332 11
 0
40
 255 5 231 594 231 594 231 594 231 555 231 555 231 555 0 11 0 11
 255 5 671 284 671 284 671 284 671 245 671 245 671 245 0 5 0 5
 255 5 788 284 788 284 788 284 788 245 788 245 788 245 0 5 0 5
 255 5 1145 285 1145 285 1145 285 1145 246 1145 246 1145 246 0 6 0 6
 255 5 1262 285 1262 285 1262 285 1262 246 1262 246 1262 246 0 6 0 6
 255 5 1211 593 1211 593 1211 593 1211 554 1211 554 1211 554 0 4 0 4
 255 5 1068 593 1068 593 1068 593 1068 554 1068 554 1068 554 0 4 0 4
 255 5 790 594 790 594 790 594 790 555 790 555 790 555 0 3 0 3
 255 5 673 594 673 594 673 594 673 555 673 555 673 555 0 3 0 3
 255 5 881 555 881 555 1029 555 1029 555 1029 554 1029 554 0 3 0 4
 255 5 1028 246 1028 246 879 246 879 246 879 245 879 245 0 6 0 5
 255 5 1028 285 1028 285 1028 285 1041 285 1041 246 1041 246 0 6 0 6
 255 5 1354 554 1354 554 1367 554 1367 246 1353 246 1353 246 0 4 0 6
 255 5 1341 554 1341 554 1341 554 1341 788 1341 788 1341 788 0 4 0 4
 255 5 881 789 881 789 1029 789 1029 789 1029 788 1029 788 0 3 0 4
 255 5 451 317 451 317 451 245 451 245 554 245 554 245 0 1 0 5
 255 5 554 284 554 284 567 284 567 284 567 245 567 245 0 5 0 5
 255 5 570 108 570 108 580 108 580 108 580 245 580 245 0 7 0 5
 255 5 1057 110 1057 110 1067 110 1067 110 1067 246 1067 246 0 9 0 6
 255 5 1299 111 1299 111 1288 111 1288 111 1288 246 1288 246 0 10 0 6
 255 5 801 245 801 245 801 109 801 109 813 109 813 109 0 5 0 8
 255 5 426 555 426 555 426 555 556 555 556 555 556 555 0 11 0 3
 255 5 556 594 556 594 569 594 569 594 569 555 569 555 0 3 0 3
 0 5 309 737 309 737 309 737 309 776 309 776 309 776 0 11 0 11
 0 5 426 776 426 776 426 776 556 776 556 776 556 776 0 11 0 3
 0 5 647 737 647 737 647 737 647 776 647 776 647 776 0 3 0 3
 0 5 764 737 764 737 764 737 764 776 764 776 764 776 0 3 0 3
 0 5 881 737 881 737 868 737 868 737 868 776 868 776 0 3 0 3
 0 5 881 776 881 776 1029 776 1029 776 1029 775 1029 775 0 3 0 4
 0 5 1185 736 1185 736 1185 736 1185 775 1185 775 1185 775 0 4 0 4
 0 5 1328 736 1328 736 1328 736 1328 775 1328 775 1328 775 0 4 0 4
 0 5 1354 775 1354 775 1376 775 1376 467 1353 467 1353 467 0 4 0 6
 0 5 451 416 451 416 451 466 451 466 554 466 554 466 0 1 0 5
 0 5 879 466 879 466 1028 466 1028 466 1028 467 1028 467 0 5 0 6
 0 5 1353 428 1353 428 1340 428 1340 428 1340 467 1340 467 0 6 0 6
 0 5 1236 428 1236 428 1236 428 1236 467 1236 467 1236 467 0 6 0 6
 0 5 1119 428 1119 428 1119 428 1119 467 1119 467 1119 467 0 6 0 6
 0 5 879 427 879 427 866 427 866 427 866 466 866 466 0 5 0 5
 0 5 762 427 762 427 762 427 762 466 762 466 762 466 0 5 0 5
 0 5 645 427 645 427 645 427 645 466 645 466 645 466 0 5 0 5
12
 7190 1 16 550 646 5 0 0 -2 0 3
 7190 1 16 667 646 5 0 0 -2 0 3
 7190 1 16 784 646 5 0 0 -2 0 3
 7273 1 20 1062 645 5 0 0 -2 0 4
 7273 1 20 1205 645 5 0 0 -2 0 4
 7047 1 16 548 336 5 0 0 -2 0 5
 7047 1 16 665 336 5 0 0 -2 0 5
 7047 1 16 782 336 5 0 0 -2 0 5
 7047 1 16 1022 337 5 0 0 -2 0 6
 7047 1 16 1139 337 5 0 0 -2 0 6
 7047 1 16 1256 337 5 0 0 -2 0 6
 7002 1 14 225 646 5 0 0 -2 0 11
0
