GRISEL_87
59
 10 411 120 77 128 643 1
 20 497 147 206 81 645 2
 525 1272 181 116 131 651 4
 523 1469 626 116 103 666 5
 565 1411 17 76 122 678 14
 552 729 325 25 25 682 25
 525 1020 185 116 131 685 27
 565 1159 18 76 122 700 28
 531 785 353 123 65 704 29
 525 757 189 116 131 707 31
 565 903 22 76 122 722 32
 562 1394 167 31 19 726 39
 562 1395 226 31 19 729 40
 562 1396 183 31 19 732 41
 562 1395 205 31 19 735 42
 565 1576 496 76 122 738 43
 562 1143 228 31 19 742 47
 562 1143 208 31 19 745 48
 562 880 175 31 19 748 49
 562 883 231 31 19 751 50
 562 882 213 31 19 754 51
 562 881 194 31 19 757 52
 562 1144 169 31 19 760 53
 562 1143 188 31 19 763 54
 552 1151 779 25 25 766 55
 523 954 622 116 103 769 56
 523 1218 625 116 103 781 57
 562 1392 258 31 19 793 63
 563 760 747 31 19 796 64
 565 1333 495 76 122 800 65
 565 1071 494 76 122 804 66
 554 710 302 25 19 808 67
 554 1219 297 25 19 809 68
 554 965 298 25 19 810 69
 555 1231 208 25 19 811 70
 555 1230 189 25 19 812 71
 555 1230 172 25 19 813 72
 555 1232 227 25 19 814 73
 555 983 193 25 19 815 74
 555 984 173 25 19 816 75
 555 983 212 25 19 817 76
 555 984 231 25 19 818 77
 555 727 214 25 19 819 78
 555 727 197 25 19 820 79
 555 726 180 25 19 821 80
 555 727 232 25 19 822 81
 554 925 707 25 19 823 84
 554 1181 711 25 19 824 85
 554 1437 711 25 19 825 86
 534 417 442 123 65 826 87
 534 418 586 123 65 829 88
 534 437 726 123 65 832 89
 534 435 834 123 65 835 90
 551 331 451 25 25 838 91
 550 327 630 25 25 840 93
 550 329 877 25 25 841 95
 562 607 748 31 19 842 96
 541 584 353 123 65 845 97
 564 547 463 31 25 849 98
 1
100
 33023 5 556 158 556 157 1224 157 1224 246 1277 246 1277 246 0 2 0 4
 255 5 472 134 472 134 512 134 512 134 512 158 512 158 0 1 0 2
 0 5 472 233 472 233 512 233 512 233 512 216 512 216 0 1 0 2
 33023 5 556 171 556 157 972 157 972 250 1025 250 1025 250 0 2 0 27
 4227327 5 762 254 722 254 722 158 556 158 556 184 556 184 0 31 0 2
 16744448 5 750 328 750 328 750 268 750 268 762 268 762 268 0 25 0 31
 16744448 5 750 334 750 340 1006 340 1006 264 1025 264 1025 264 0 25 0 27
 16744448 5 750 340 750 340 1251 340 1251 260 1277 260 1277 260 0 25 0 4
 8454143 5 1579 635 1579 635 1595 635 1595 635 1595 610 1595 610 0 5 0 43
 8454143 5 1579 649 1579 649 1607 649 1607 649 1607 610 1607 610 0 5 0 43
 8454143 5 1579 663 1579 663 1619 663 1619 663 1619 610 1619 610 0 5 0 43
 8454143 5 1579 677 1579 677 1631 677 1631 677 1631 610 1631 610 0 5 0 43
 8454143 5 1382 232 1382 232 1382 235 1382 235 1398 235 1398 235 0 4 0 40
 8454143 5 1422 238 1422 232 1465 232 1465 677 1474 677 1474 677 0 40 0 5
 8454143 5 1422 217 1422 211 1453 211 1453 663 1474 663 1474 663 0 42 0 5
 8454143 5 1423 195 1423 189 1442 189 1442 649 1474 649 1474 649 0 41 0 5
 8454143 5 1474 635 1474 635 1430 635 1430 173 1421 173 1421 179 0 5 0 39
 8454143 5 1421 173 1421 173 1430 173 1430 173 1430 131 1430 131 0 39 0 14
 8454143 5 1423 189 1423 189 1442 189 1442 189 1442 131 1442 131 0 41 0 14
 8454143 5 1422 211 1422 211 1454 211 1454 211 1454 131 1454 131 0 42 0 14
 8454143 5 1422 232 1422 232 1466 232 1466 232 1466 131 1466 131 0 40 0 14
 8454143 5 1382 218 1382 218 1398 218 1398 218 1398 214 1398 214 0 4 0 42
 8454143 5 1399 192 1399 192 1399 204 1399 204 1382 204 1382 204 0 41 0 4
 8454143 5 1382 190 1382 190 1382 176 1382 176 1397 176 1397 176 0 4 0 39
 8454143 5 867 198 867 198 875 198 875 184 883 184 883 184 0 31 0 49
 8454143 5 867 212 867 212 882 212 882 203 884 203 884 203 0 31 0 52
 8454143 5 867 226 867 226 867 222 867 222 885 222 885 222 0 31 0 51
 8454143 5 867 240 867 240 867 240 886 240 886 240 886 240 0 31 0 50
 8454143 5 907 181 907 181 924 181 924 136 922 136 922 136 0 49 0 32
 8454143 5 908 200 908 200 935 200 935 136 934 136 934 136 0 52 0 32
 8454143 5 909 219 909 219 947 219 947 136 946 136 946 136 0 51 0 32
 8454143 5 910 237 910 237 959 237 959 136 958 136 958 136 0 50 0 32
 8454143 5 1130 236 1130 236 1130 237 1130 237 1146 237 1146 237 0 27 0 47
 8454143 5 1130 222 1130 222 1146 222 1146 222 1146 217 1146 217 0 27 0 48
 8454143 5 1130 208 1130 208 1130 197 1130 197 1146 197 1146 197 0 27 0 54
 8454143 5 1130 194 1130 194 1130 178 1130 178 1147 178 1147 178 0 27 0 53
 8454143 5 1171 175 1171 175 1179 175 1179 132 1178 132 1178 132 0 53 0 28
 8454143 5 1170 194 1170 194 1190 194 1190 194 1190 132 1190 132 0 54 0 28
 8454143 5 1170 214 1170 214 1202 214 1202 214 1202 132 1202 132 0 48 0 28
 8454143 5 1170 234 1170 234 1214 234 1214 234 1214 132 1214 132 0 47 0 28
 33023 5 787 750 787 750 1423 750 1423 691 1474 691 1474 691 0 64 0 5
 33023 5 1223 690 1150 690 1150 750 787 750 787 756 787 756 0 57 0 64
 33023 5 787 762 787 750 897 750 897 687 959 687 959 687 0 64 0 56
 8454143 5 1064 631 1064 631 1090 631 1090 631 1090 608 1090 608 0 56 0 66
 8454143 5 1064 645 1064 645 1102 645 1102 645 1102 608 1102 608 0 56 0 66
 8454143 5 1064 659 1064 659 1114 659 1114 659 1114 608 1114 608 0 56 0 66
 8454143 5 1064 673 1064 673 1126 673 1126 673 1126 608 1126 608 0 56 0 66
 8454143 5 1328 634 1328 634 1353 634 1353 609 1352 609 1352 609 0 57 0 65
 8454143 5 1328 648 1328 648 1364 648 1364 648 1364 609 1364 609 0 57 0 65
 8454143 5 1328 662 1328 662 1376 662 1376 662 1376 609 1376 609 0 57 0 65
 8454143 5 1328 676 1328 676 1388 676 1388 676 1388 609 1388 609 0 57 0 65
 8454143 5 1171 181 1171 175 1179 175 1179 634 1223 634 1223 634 0 53 0 57
 8454143 5 1223 648 1223 648 1190 648 1190 194 1170 194 1170 200 0 57 0 54
 8454143 5 1223 662 1223 662 1202 662 1202 214 1170 214 1170 220 0 57 0 48
 8454143 5 1170 240 1170 234 1213 234 1213 676 1223 676 1223 676 0 47 0 57
 8454143 5 907 187 907 187 907 181 924 181 924 631 959 631 0 49 0 56
 8454143 5 908 206 908 200 935 200 935 645 959 645 959 645 0 52 0 56
 8454143 5 909 225 909 219 947 219 947 659 959 659 959 659 0 51 0 56
 8454143 5 910 243 910 243 910 238 959 238 959 673 959 673 0 50 0 56
 255 5 731 311 731 311 762 311 762 311 762 310 762 310 0 67 0 31
 255 5 1025 306 1025 306 986 306 986 306 986 307 986 307 0 27 0 69
 255 5 1277 302 1277 302 1277 306 1277 306 1240 306 1240 306 0 4 0 68
 12632256 5 748 241 748 241 762 241 762 241 762 240 762 240 0 81 0 31
 12632256 5 748 223 748 223 762 223 762 223 762 226 762 226 0 78 0 31
 12632256 5 748 206 748 206 748 212 748 212 762 212 762 212 0 79 0 31
 12632256 5 762 198 762 198 762 189 762 189 747 189 747 189 0 31 0 80
 12632256 5 1005 240 1005 240 1025 240 1025 240 1025 236 1025 236 0 77 0 27
 12632256 5 1004 221 1004 221 1025 221 1025 221 1025 222 1025 222 0 76 0 27
 12632256 5 1004 202 1004 202 1004 208 1004 208 1025 208 1025 208 0 74 0 27
 12632256 5 1025 194 1025 194 1025 182 1025 182 1005 182 1005 182 0 27 0 75
 12632256 5 1277 232 1277 232 1277 236 1277 236 1253 236 1253 236 0 4 0 73
 12632256 5 1252 217 1252 217 1252 218 1252 218 1277 218 1277 218 0 70 0 4
 12632256 5 1251 198 1251 198 1251 204 1251 204 1277 204 1277 204 0 71 0 4
 12632256 5 1251 181 1251 181 1277 181 1277 181 1277 190 1277 190 0 72 0 4
 16711680 5 1172 782 1172 782 1172 766 917 766 917 701 959 701 0 55 0 56
 16711680 5 1172 788 1172 788 1172 704 1172 704 1223 704 1223 704 0 55 0 57
 16711680 5 1172 794 1172 765 1432 765 1432 705 1474 705 1474 705 0 55 0 5
 12632256 5 946 716 946 716 946 715 946 715 959 715 959 715 0 84 0 56
 12632256 5 1202 720 1202 720 1202 718 1202 718 1223 718 1223 718 0 85 0 57
 12632256 5 1458 720 1458 720 1474 720 1474 720 1474 719 1474 719 0 86 0 5
 16777215 5 1382 260 1382 260 1382 267 1382 267 1395 267 1395 267 0 4 0 63
 65280 5 348 639 348 639 421 639 421 639 421 638 421 638 0 93 0 88
 65280 5 537 619 557 619 557 522 420 522 420 494 420 494 0 88 0 87
 32768 5 350 886 350 886 350 886 438 886 438 886 438 886 0 95 0 90
 255 5 352 457 352 457 420 457 420 457 420 456 420 456 0 91 0 87
 255 5 352 463 352 457 387 457 387 740 440 740 440 740 0 91 0 89
 32768 5 556 759 556 759 610 759 610 759 610 757 610 757 0 89 0 96
 32768 5 440 778 440 800 555 800 555 867 554 867 554 867 0 89 0 90
 32768 5 634 754 634 754 763 754 763 754 763 756 763 756 0 96 0 64
 32768 5 634 760 634 760 634 822 438 822 438 848 438 848 0 96 0 90
 8421376 5 1025 278 1025 278 904 278 904 278 904 385 904 385 0 27 0 29
 8421376 5 703 386 703 386 703 282 703 282 762 282 762 282 0 97 0 31
 8421376 5 421 600 421 600 421 556 574 556 574 484 574 484 0 88 0 98
 8421376 5 550 475 550 475 550 475 536 475 536 475 536 475 0 98 0 87
 8421376 5 574 466 574 466 574 367 574 367 587 367 587 367 0 98 0 97
 8421376 5 574 472 574 472 762 472 762 367 788 367 788 367 0 98 0 29
 8421376 5 574 478 574 472 1157 472 1157 274 1277 274 1277 274 0 98 0 4
 4227072 5 1419 270 1419 270 1419 436 587 436 587 405 587 405 0 63 0 97
 4227072 5 1419 264 1419 264 1419 436 788 436 788 405 788 405 0 63 0 29
 4227072 5 1130 264 1130 264 1130 452 580 452 580 386 587 386 0 27 0 97
0
0
