GRISEL_87
62
 10 8 271 77 128 431 1
 20 99 284 206 81 433 2
 525 593 230 116 131 439 4
 565 731 104 76 122 454 14
 555 528 213 25 19 458 84
 555 528 233 25 19 459 85
 555 528 251 25 19 460 86
 555 528 270 25 19 461 87
 554 547 342 25 19 462 88
 555 909 239 25 19 463 89
 555 910 220 25 19 464 90
 555 909 258 25 19 465 91
 525 960 233 116 131 466 92
 555 910 276 25 19 481 93
 565 1099 102 76 122 482 94
 531 737 402 123 65 486 95
 554 918 344 25 19 489 98
 525 1337 236 116 131 490 99
 565 1471 103 76 122 505 100
 541 424 400 123 65 509 103
 562 1469 305 31 19 513 104
 555 1273 222 25 19 516 107
 555 1273 242 25 19 517 108
 555 1273 261 25 19 518 109
 555 1274 279 25 19 519 110
 554 1278 349 25 19 520 111
 550 116 532 25 25 521 113
 534 190 527 123 65 522 114
 534 197 639 123 65 525 115
 564 344 548 31 25 528 117
 534 199 725 123 65 533 118
 551 118 866 25 25 536 119
 534 201 826 123 65 538 120
 564 345 746 31 25 541 121
 550 117 732 25 25 546 122
 525 592 634 116 131 547 123
 525 961 636 116 131 562 124
 525 1333 632 116 131 577 125
 541 412 804 123 65 592 126
 531 730 821 123 65 596 127
 555 535 673 25 19 599 128
 555 535 653 25 19 600 129
 555 535 633 25 19 601 130
 555 534 613 25 19 602 131
 555 903 677 25 19 603 132
 555 903 658 25 19 604 133
 555 903 639 25 19 605 134
 555 903 620 25 19 606 135
 555 1277 674 25 19 607 136
 555 1278 655 25 19 608 137
 555 1277 637 25 19 609 138
 555 1277 616 25 19 610 139
 554 535 747 25 19 611 140
 554 902 748 25 19 612 141
 554 1271 743 25 19 613 142
 565 740 528 76 122 614 143
 565 1102 530 76 122 618 144
 565 1477 527 76 122 622 145
 562 1473 703 31 19 626 146
 559 324 346 13 79 629 148
 551 115 493 25 25 635 149
 559 323 429 13 79 637 150
 1
98
 255 5 69 285 69 285 69 295 69 295 114 295 114 295 0 1 0 2
 0 5 69 384 69 384 114 384 114 384 114 353 114 353 0 1 0 2
 16711680 5 703 239 703 239 703 239 750 239 750 218 750 218 0 4 0 14
 16711680 5 703 253 703 253 762 253 762 253 762 218 762 218 0 4 0 14
 16711680 5 703 267 703 267 774 267 774 267 774 218 774 218 0 4 0 14
 16711680 5 703 281 703 281 786 281 786 281 786 218 786 218 0 4 0 14
 8421504 5 549 222 561 222 561 240 598 240 598 239 598 239 0 84 0 4
 8421504 5 549 242 554 242 554 257 598 257 598 253 598 253 0 85 0 4
 8421504 5 549 260 549 260 549 268 598 268 598 267 598 267 0 86 0 4
 8421504 5 549 279 549 279 598 279 598 279 598 281 598 281 0 87 0 4
 4210816 5 568 351 568 351 568 351 598 351 598 351 598 351 0 88 0 4
 11579568 5 931 285 931 285 931 284 931 284 965 284 965 284 0 93 0 92
 11579568 5 930 267 930 267 930 270 930 270 965 270 965 270 0 91 0 92
 11579568 5 930 248 930 248 930 256 930 256 965 256 965 256 0 89 0 92
 11579568 5 931 229 931 229 964 229 964 242 965 242 965 242 0 90 0 92
 16711680 5 1070 242 1070 242 1119 242 1119 216 1118 216 1118 216 0 92 0 94
 16711680 5 1070 256 1070 256 1130 256 1130 256 1130 216 1130 216 0 92 0 94
 16711680 5 1070 270 1070 270 1142 270 1142 270 1142 216 1142 216 0 92 0 94
 16711680 5 1070 284 1070 284 1154 284 1154 284 1154 216 1154 216 0 92 0 94
 4210816 5 939 353 939 353 965 353 965 353 965 354 965 354 0 98 0 92
 16711680 5 1447 245 1447 245 1447 245 1490 245 1490 217 1490 217 0 99 0 100
 16711680 5 1447 259 1447 259 1502 259 1502 259 1502 217 1502 217 0 99 0 100
 16711680 5 1447 273 1447 273 1514 273 1514 273 1514 217 1514 217 0 99 0 100
 16711680 5 1447 287 1447 287 1526 287 1526 287 1526 217 1526 217 0 99 0 100
 32768 5 856 434 856 434 898 434 898 326 965 326 965 326 0 95 0 92
 32768 5 1472 314 1472 314 1447 314 1447 314 1447 315 1447 315 0 104 0 99
 32768 5 1496 317 1496 317 1496 499 740 499 740 454 740 454 0 104 0 95
 32768 5 1496 311 1496 311 1496 499 409 499 409 433 427 433 0 104 0 103
 32768 5 1070 312 1110 312 1110 478 427 478 427 452 427 452 0 92 0 103
 32768 5 543 433 543 433 543 323 543 323 598 323 598 323 0 103 0 4
 11579568 5 1295 288 1295 288 1342 288 1342 288 1342 287 1342 287 0 110 0 99
 11579568 5 1294 270 1294 270 1294 273 1294 273 1342 273 1342 273 0 109 0 99
 11579568 5 1294 251 1294 251 1294 259 1294 259 1342 259 1342 259 0 108 0 99
 11579568 5 1294 231 1294 231 1310 231 1310 245 1342 245 1342 245 0 107 0 99
 4210816 5 1299 358 1299 358 1342 358 1342 358 1342 357 1342 357 0 111 0 99
 4227072 5 371 551 371 551 371 414 371 414 427 414 427 414 0 117 0 103
 4227072 5 371 557 371 516 693 516 693 416 740 416 740 416 0 117 0 95
 4227072 5 371 563 371 516 1261 516 1261 329 1342 329 1342 329 0 117 0 99
 4227072 5 371 569 371 569 371 606 200 606 200 653 200 653 0 117 0 115
 65280 5 193 579 174 579 174 624 316 624 316 672 316 672 0 114 0 115
 255 5 137 541 137 541 137 541 193 541 193 541 193 541 0 113 0 114
 255 5 309 560 309 560 309 560 347 560 347 560 347 560 0 114 0 117
 65280 5 139 878 139 878 139 878 204 878 204 878 204 878 0 119 0 120
 65280 5 139 872 139 878 171 878 171 691 200 691 200 691 0 119 0 115
 255 5 138 741 138 741 202 741 202 741 202 739 202 739 0 122 0 118
 255 5 318 758 318 758 318 758 348 758 348 758 348 758 0 118 0 121
 65280 5 202 777 189 777 189 815 320 815 320 859 320 859 0 118 0 120
 32768 5 204 840 204 840 204 798 372 798 372 767 372 767 0 120 0 121
 11579568 5 556 682 556 682 597 682 597 682 597 685 597 685 0 128 0 123
 11579568 5 556 662 556 662 556 671 556 671 597 671 597 671 0 129 0 123
 11579568 5 556 642 556 642 556 657 556 657 597 657 597 657 0 130 0 123
 11579568 5 555 622 555 622 597 622 597 622 597 643 597 643 0 131 0 123
 11579568 5 924 686 924 686 966 686 966 686 966 687 966 687 0 132 0 124
 11579568 5 924 667 924 667 924 673 924 673 966 673 966 673 0 133 0 124
 11579568 5 924 648 924 648 924 659 924 659 966 659 966 659 0 134 0 124
 11579568 5 924 629 924 629 966 629 966 629 966 645 966 645 0 135 0 124
 11579568 5 1298 625 1298 625 1338 625 1338 625 1338 641 1338 641 0 139 0 125
 11579568 5 1298 683 1298 683 1298 683 1338 683 1338 683 1338 683 0 136 0 125
 11579568 5 1299 664 1299 664 1338 664 1338 664 1338 669 1338 669 0 137 0 125
 11579568 5 1298 646 1298 646 1298 655 1298 655 1338 655 1338 655 0 138 0 125
 4210816 5 556 756 556 756 597 756 597 756 597 755 597 755 0 140 0 123
 4210816 5 923 757 923 757 923 757 966 757 966 757 966 757 0 141 0 124
 4210816 5 1292 752 1292 752 1338 752 1338 752 1338 753 1338 753 0 142 0 125
 16711680 5 702 643 702 643 759 643 759 643 759 642 759 642 0 123 0 143
 16711680 5 702 657 702 657 771 657 771 657 771 642 771 642 0 123 0 143
 16711680 5 702 671 702 671 783 671 783 671 783 642 783 642 0 123 0 143
 16711680 5 702 685 702 685 795 685 795 685 795 642 795 642 0 123 0 143
 16711680 5 1071 645 1071 645 1121 645 1121 645 1121 644 1121 644 0 124 0 144
 16711680 5 1071 659 1071 659 1133 659 1133 659 1133 644 1133 644 0 124 0 144
 16711680 5 1071 673 1071 673 1145 673 1145 673 1145 644 1145 644 0 124 0 144
 16711680 5 1071 687 1071 687 1157 687 1157 687 1157 644 1157 644 0 124 0 144
 16711680 5 1443 641 1443 641 1443 641 1496 641 1496 641 1496 641 0 125 0 145
 16711680 5 1443 655 1443 655 1508 655 1508 655 1508 641 1508 641 0 125 0 145
 16711680 5 1443 669 1443 669 1520 669 1520 669 1520 641 1520 641 0 125 0 145
 16711680 5 1443 683 1443 683 1532 683 1532 683 1532 641 1532 641 0 125 0 145
 32768 5 531 837 531 837 531 727 531 727 597 727 597 727 0 126 0 123
 32768 5 372 761 372 761 372 798 415 798 415 818 415 818 0 121 0 126
 32768 5 372 755 372 755 372 798 733 798 733 835 733 835 0 121 0 127
 32768 5 372 749 372 749 372 798 1254 798 1254 725 1338 725 0 121 0 125
 32768 5 415 856 415 893 1107 893 1107 715 1071 715 1071 715 0 126 0 124
 32768 5 849 853 849 853 888 853 888 729 966 729 966 729 0 127 0 124
 32768 5 1476 712 1476 712 1443 712 1443 712 1443 711 1443 711 0 146 0 125
 32768 5 1500 715 1500 715 1500 916 733 916 733 873 733 873 0 146 0 127
 32768 5 1500 709 1500 709 1500 916 394 916 394 837 415 837 0 146 0 126
 4227327 5 330 396 330 396 393 396 393 699 597 699 597 699 0 148 0 123
 4227327 5 330 385 330 396 875 396 875 701 966 701 966 701 0 148 0 124
 4227327 5 330 374 330 396 1220 396 1220 697 1338 697 1338 697 0 148 0 125
 4227327 5 330 363 330 363 330 396 1221 396 1221 301 1342 301 0 148 0 99
 4227327 5 330 352 330 352 330 396 876 396 876 298 965 298 0 148 0 92
 4227327 5 158 321 158 321 158 418 158 418 330 418 330 418 0 2 0 148
 4227327 5 158 295 158 295 158 295 598 295 598 295 598 295 0 2 0 4
 65535 5 136 499 136 499 136 488 329 488 329 501 329 501 0 149 0 150
 65535 5 329 435 329 488 578 488 578 309 598 309 598 309 0 150 0 4
 65535 5 329 446 329 446 329 488 887 488 887 312 965 312 0 150 0 92
 65535 5 329 457 329 457 329 488 1237 488 1237 315 1342 315 0 150 0 99
 65535 5 329 468 329 468 329 488 1237 488 1237 711 1338 711 0 150 0 125
 65535 5 329 479 329 479 329 488 888 488 888 715 966 715 0 150 0 124
 65535 5 136 505 136 505 136 488 511 488 511 713 597 713 0 149 0 123
0
0
