GRISEL_87
12
 10 76 282 77 128 419 1
 20 1189 487 206 81 421 2
 252 166 205 435 276 427 4
 270 441 68 240 130 491 6
 252 619 205 435 276 508 9
 252 1061 205 435 276 572 11
 270 1142 69 240 130 636 12
 260 684 485 206 81 653 13
 270 789 582 240 130 663 15
 252 605 722 435 276 680 16
 252 1048 722 435 276 744 17
 270 1072 583 240 130 808 18
 1
164
 255 5 137 296 137 296 137 232 137 232 219 232 219 232 0 1 0 4
 0 5 137 395 137 395 137 453 137 453 219 453 219 453 0 1 0 4
 0 5 544 453 544 453 544 453 672 453 672 453 672 453 0 4 0 9
 16711680 5 479 271 479 271 479 191 479 191 478 191 478 191 0 4 0 6
 16711680 5 492 271 492 271 492 191 492 191 491 191 491 191 0 4 0 6
 16711680 5 505 271 505 271 505 191 505 191 504 191 504 191 0 4 0 6
 16711680 5 518 271 518 271 518 191 518 191 517 191 517 191 0 4 0 6
 16711680 5 531 271 531 271 531 191 531 191 530 191 530 191 0 4 0 6
 16711680 5 453 284 453 284 538 284 538 191 543 191 543 191 0 4 0 6
 16711680 5 466 297 466 297 556 297 556 297 556 191 556 191 0 4 0 6
 16711680 5 582 191 582 191 582 310 582 310 724 310 724 310 0 6 0 9
 16711680 5 737 310 737 310 737 303 595 303 595 191 595 191 0 9 0 6
 16711680 5 750 297 750 297 608 297 608 297 608 191 608 191 0 9 0 6
 16711680 5 763 297 763 297 763 291 621 291 621 191 621 191 0 9 0 6
 16711680 5 776 284 776 284 776 285 634 285 634 191 634 191 0 9 0 6
 16711680 5 698 271 698 271 698 218 647 218 647 191 647 191 0 9 0 6
 16711680 5 711 271 711 271 711 191 711 191 660 191 660 191 0 9 0 6
 0 5 414 414 414 414 414 414 414 453 414 453 414 453 0 4 0 4
 0 5 531 414 531 414 531 414 531 453 531 453 531 453 0 4 0 4
 0 5 776 414 776 414 776 414 776 453 776 453 776 453 0 9 0 9
 0 5 893 414 893 414 893 414 893 453 893 453 893 453 0 9 0 9
 255 5 323 232 323 232 323 232 323 271 323 271 323 271 0 4 0 4
 255 5 440 271 440 271 440 271 440 232 440 232 440 232 0 4 0 4
 255 5 685 232 685 232 685 232 685 271 685 271 685 271 0 9 0 9
 255 5 802 271 802 271 802 271 802 232 802 232 802 232 0 9 0 9
 65535 5 362 414 362 414 362 414 362 453 362 453 362 453 0 4 0 4
 65535 5 375 453 375 453 375 453 375 414 375 414 375 414 0 4 0 4
 65535 5 841 414 841 414 841 414 841 453 841 453 841 453 0 9 0 9
 65535 5 854 453 854 453 854 453 854 414 854 414 854 414 0 9 0 9
 255 5 544 232 544 232 544 231 672 231 672 232 672 232 0 4 0 9
 8421376 5 349 375 349 375 349 376 518 376 518 375 518 375 0 4 0 4
 8421376 5 828 375 828 375 828 368 763 368 763 375 763 375 0 9 0 9
 8421376 5 336 388 336 388 336 388 336 388 440 388 440 388 0 4 0 4
 8421376 5 815 388 815 388 815 388 685 388 685 388 685 388 0 9 0 9
 8421376 5 698 401 698 401 698 401 867 401 867 401 867 401 0 9 0 9
 8421376 5 388 401 388 401 388 400 453 400 453 401 453 401 0 4 0 4
 8421376 5 880 375 880 375 880 382 750 382 750 375 750 375 0 9 0 9
 8421376 5 401 414 401 414 401 406 505 406 505 414 505 414 0 4 0 4
 255 5 457 95 457 95 427 95 427 95 427 232 427 232 0 6 0 4
 4227327 5 349 271 349 271 349 262 841 262 841 271 841 271 0 4 0 9
 0 5 997 453 997 453 997 452 1114 452 1114 453 1114 453 0 9 0 11
 0 5 1231 414 1231 414 1231 414 1231 453 1231 453 1231 453 0 11 0 11
 0 5 1348 453 1348 453 1348 453 1348 414 1348 414 1348 414 0 11 0 11
 255 5 1439 466 1439 466 1439 466 1439 232 1439 232 1439 232 0 11 0 11
 255 5 1114 232 1114 232 1114 232 997 232 997 232 997 232 0 11 0 9
 255 5 1140 271 1140 271 1140 271 1140 232 1140 232 1140 232 0 11 0 11
 255 5 1257 271 1257 271 1257 271 1257 232 1257 232 1257 232 0 11 0 11
 255 5 1158 96 1158 96 1127 96 1127 96 1127 232 1127 232 0 12 0 11
 16711680 5 1179 192 1179 192 1179 192 1179 271 1179 271 1179 271 0 12 0 11
 16711680 5 1192 271 1192 271 1192 271 1192 192 1192 192 1192 192 0 11 0 12
 16711680 5 1205 271 1205 271 1205 271 1205 192 1205 192 1205 192 0 11 0 12
 16711680 5 1218 271 1218 271 1218 271 1218 192 1218 192 1218 192 0 11 0 12
 16711680 5 1231 271 1231 271 1231 271 1231 192 1231 192 1231 192 0 11 0 12
 16711680 5 1153 284 1153 284 1244 284 1244 284 1244 192 1244 192 0 11 0 12
 16711680 5 1166 297 1166 297 1250 297 1250 192 1257 192 1257 192 0 11 0 12
 65535 5 1309 414 1309 414 1309 414 1309 453 1309 453 1309 453 0 11 0 11
 8421376 5 1283 375 1283 375 1283 369 1218 369 1218 375 1218 375 0 11 0 11
 8421376 5 1270 388 1270 388 1270 388 1140 388 1140 388 1140 388 0 11 0 11
 8421376 5 1322 401 1322 401 1322 401 1153 401 1153 401 1153 401 0 11 0 11
 8421376 5 1335 375 1335 375 1335 382 1205 382 1205 375 1205 375 0 11 0 11
 255 5 1204 498 1204 498 1204 466 1204 466 1205 466 1205 466 0 2 0 11
 4227327 5 1248 498 1248 498 1248 310 1248 310 1283 310 1283 310 0 2 0 11
 4227327 5 1296 271 1296 271 1296 278 828 278 828 284 828 284 0 11 0 9
 0 5 1204 556 1204 556 1179 556 1179 556 1179 453 1179 453 0 2 0 11
 8421504 5 323 414 323 414 323 414 323 453 323 453 323 453 0 4 0 4
 8421504 5 323 375 323 375 323 310 323 310 336 310 336 310 0 4 0 4
 8421504 5 336 297 336 297 336 297 401 297 401 297 401 297 0 4 0 4
 8421504 5 401 310 401 310 401 310 414 310 414 310 414 310 0 4 0 4
 8421504 5 802 414 802 414 802 414 802 453 802 453 802 453 0 9 0 9
 8421504 5 802 375 802 375 802 310 802 310 815 310 815 310 0 9 0 9
 8421504 5 815 297 815 297 815 292 880 292 880 297 880 297 0 9 0 9
 8421504 5 880 310 880 310 880 310 893 310 893 310 893 310 0 9 0 9
 8421504 5 1257 375 1257 375 1257 297 1257 297 1270 297 1270 297 0 11 0 11
 8421504 5 1270 284 1270 284 1270 284 1335 284 1335 284 1335 284 0 11 0 11
 8421504 5 1335 297 1335 297 1335 297 1348 297 1348 297 1348 297 0 11 0 11
 8421504 5 1257 414 1257 414 1257 414 1257 453 1257 453 1257 453 0 11 0 11
 255 5 997 466 997 466 997 466 1114 466 1114 466 1114 466 0 9 0 11
 255 5 699 496 699 496 699 466 699 466 698 466 698 466 0 13 0 9
 0 5 699 554 699 554 685 554 685 554 685 453 685 453 0 13 0 9
 16744448 5 867 310 867 310 867 304 1322 304 1322 310 1322 310 0 9 0 11
 16744448 5 867 271 867 271 867 253 388 253 388 271 388 271 0 9 0 4
 16744448 5 958 310 914 310 914 481 740 481 740 496 740 496 0 9 0 13
 16744448 5 971 297 971 297 971 297 958 297 958 297 958 297 0 9 0 9
 255 5 932 271 932 271 932 271 932 232 932 232 932 232 0 9 0 9
 0 5 1010 414 1010 414 1010 445 984 445 984 453 984 453 0 9 0 9
 16744448 5 867 284 867 284 867 284 945 284 945 284 945 284 0 9 0 9
 65535 5 1296 414 1296 414 1296 422 971 422 971 414 971 414 0 11 0 9
 65280 5 873 496 873 496 945 496 945 496 945 414 945 414 0 13 0 9
 8388863 5 854 509 854 509 979 509 979 414 984 414 984 414 0 13 0 9
 8421440 5 932 375 932 375 932 375 997 375 997 375 997 375 0 9 0 9
 8421440 5 971 388 971 388 971 388 958 388 958 388 958 388 0 9 0 9
 255 5 1426 466 1426 466 1426 466 1426 749 1426 749 1426 749 0 11 0 17
 0 5 1413 453 1413 453 1407 453 1407 970 1413 970 1413 970 0 11 0 17
 0 5 1101 970 1101 970 1101 970 983 970 983 970 983 970 0 17 0 16
 255 5 983 749 983 749 983 749 1101 749 1101 749 1101 749 0 16 0 17
 255 5 1114 749 1114 749 1114 749 1114 788 1114 788 1114 788 0 17 0 17
 255 5 1231 788 1231 788 1231 788 1231 749 1231 749 1231 749 0 17 0 17
 255 5 1088 610 1088 610 1088 749 1088 749 1127 749 1127 749 0 18 0 17
 255 5 805 609 805 609 801 609 801 609 801 749 801 749 0 15 0 16
 255 5 788 749 788 749 788 749 788 788 788 788 788 788 0 16 0 16
 255 5 905 788 905 788 905 788 905 749 905 749 905 749 0 16 0 16
 255 5 645 788 645 788 645 749 645 749 658 749 658 749 0 16 0 16
 0 5 762 931 762 931 762 931 762 970 762 970 762 970 0 16 0 16
 0 5 879 931 879 931 879 931 879 970 879 970 879 970 0 16 0 16
 0 5 970 970 970 970 996 970 996 970 996 931 996 931 0 16 0 16
 0 5 1205 931 1205 931 1205 931 1205 970 1205 970 1205 970 0 17 0 17
 0 5 1348 931 1348 931 1348 931 1348 970 1348 970 1348 970 0 17 0 17
 65280 5 505 401 505 401 505 885 671 885 671 892 671 892 0 4 0 16
 65280 5 388 414 388 414 388 904 684 904 684 905 684 905 0 4 0 16
 65280 5 336 414 336 414 336 917 723 917 723 918 723 918 0 4 0 16
 65280 5 349 414 349 414 349 931 349 931 736 931 736 931 0 4 0 16
 65280 5 671 788 671 788 671 444 750 444 750 414 750 414 0 16 0 9
 65280 5 684 788 684 788 684 434 698 434 698 414 698 414 0 16 0 9
 65280 5 685 401 685 401 634 401 634 800 723 800 723 788 0 9 0 16
 65280 5 763 414 763 414 763 788 763 788 736 788 736 788 0 9 0 16
 65280 5 1335 414 1335 414 1335 757 1257 757 1257 892 1257 892 0 11 0 17
 65280 5 1322 414 1322 414 1322 771 1270 771 1270 905 1270 905 0 11 0 17
 16744448 5 827 788 827 788 827 705 827 705 826 705 826 705 0 16 0 15
 16744448 5 840 788 840 788 840 705 840 705 839 705 839 705 0 16 0 15
 16744448 5 852 705 852 705 853 705 853 705 853 788 853 788 0 15 0 16
 16744448 5 866 788 866 788 866 705 866 705 865 705 865 705 0 16 0 15
 16744448 5 879 788 879 788 879 705 879 705 878 705 878 705 0 16 0 15
 16744448 5 801 801 801 801 891 801 891 801 891 705 891 705 0 16 0 15
 16744448 5 814 814 814 814 897 814 897 705 904 705 904 705 0 16 0 15
 16744448 5 944 788 944 788 931 788 931 705 930 705 930 705 0 16 0 15
 16744448 5 957 788 957 788 957 773 943 773 943 705 943 705 0 16 0 15
 16744448 5 970 788 970 788 970 760 956 760 956 705 956 705 0 16 0 15
 16744448 5 983 788 983 788 983 748 969 748 969 705 969 705 0 16 0 15
 16744448 5 996 788 996 788 996 731 982 731 982 705 982 705 0 16 0 15
 16744448 5 918 801 918 801 1002 801 1002 705 995 705 995 705 0 16 0 15
 16744448 5 931 814 931 814 1008 814 1008 814 1008 705 1008 705 0 16 0 15
 8421376 5 658 892 658 892 658 898 853 898 853 892 853 892 0 16 0 16
 8421376 5 697 892 697 892 697 892 801 892 801 892 801 892 0 16 0 16
 8421376 5 749 918 749 918 749 918 866 918 866 918 866 918 0 16 0 16
 8421376 5 710 905 710 905 710 905 788 905 788 905 788 905 0 16 0 16
 8421376 5 658 827 658 827 658 820 970 820 970 892 970 892 0 16 0 16
 8421376 5 697 827 697 827 918 827 918 827 918 892 918 892 0 16 0 16
 8421376 5 710 814 710 814 710 808 905 808 905 892 905 892 0 16 0 16
 8421376 5 749 814 749 814 749 834 983 834 983 892 983 892 0 16 0 16
 4259584 5 1309 892 1303 892 1303 406 1270 406 1270 414 1270 414 0 17 0 11
 4259584 5 1322 892 1322 892 1322 785 1283 785 1283 414 1283 414 0 17 0 11
 8421376 5 1244 892 1244 892 1244 892 1179 892 1179 892 1179 892 0 17 0 17
 8421376 5 1283 918 1283 918 1283 918 1127 918 1127 918 1127 918 0 17 0 17
 8421376 5 1296 931 1296 931 1296 925 1114 925 1114 931 1114 931 0 17 0 17
 8421376 5 1335 918 1335 918 1335 911 1192 911 1192 905 1192 905 0 17 0 17
 65535 5 762 814 762 814 762 853 1348 853 1348 814 1348 814 0 16 0 17
 16744448 5 1153 788 1153 788 1153 742 1109 742 1109 706 1109 706 0 17 0 18
 16744448 5 1122 706 1122 706 1122 737 1166 737 1166 788 1166 788 0 18 0 17
 16744448 5 1135 706 1135 706 1135 732 1179 732 1179 788 1179 788 0 18 0 17
 16744448 5 1148 706 1148 706 1148 727 1192 727 1192 788 1192 788 0 18 0 17
 16744448 5 1205 788 1205 788 1205 722 1161 722 1161 706 1161 706 0 17 0 18
 16744448 5 1127 801 1127 801 1174 801 1174 801 1174 706 1174 706 0 17 0 18
 16744448 5 1140 814 1140 814 1187 814 1187 814 1187 706 1187 706 0 17 0 18
 65535 5 816 522 816 522 1452 522 1452 522 1452 788 1452 788 0 13 0 17
 65535 5 1348 801 1348 801 1348 801 1387 801 1387 801 1387 801 0 17 0 17
 255 5 1374 788 1374 788 1374 788 1374 749 1374 749 1374 749 0 17 0 17
 0 5 1452 931 1452 931 1452 970 1452 970 1426 970 1426 970 0 17 0 17
 65535 5 1387 827 1387 827 1387 827 1439 827 1439 827 1439 827 0 17 0 17
 65535 5 1426 814 1426 814 1426 814 1413 814 1413 814 1413 814 0 17 0 17
 16744576 5 740 522 740 522 740 575 1400 575 1400 788 1400 788 0 13 0 17
 8388736 5 645 892 645 892 645 873 1231 873 1231 905 1231 905 0 16 0 17
 8388736 5 1374 931 1374 931 1374 943 1231 943 1231 931 1231 931 0 17 0 17
 8388736 5 1400 814 1400 814 1400 814 1400 892 1400 892 1400 892 0 17 0 17
 8388736 5 1400 905 1400 905 1400 905 1387 905 1387 905 1387 905 0 17 0 17
13
 7190 1 16 317 323 5 0 0 -2 0 4
 7047 1 16 679 323 5 0 0 -2 0 9
 7047 1 16 434 323 5 0 0 -2 0 4
 7190 1 16 796 323 5 0 0 -2 0 9
 7047 1 16 1134 323 5 0 0 -2 0 11
 7190 1 16 1251 323 5 0 0 -2 0 11
 7002 1 14 926 323 5 0 0 -2 0 9
 7273 1 20 639 840 5 0 0 -2 0 16
 7047 1 16 782 840 5 0 0 -2 0 16
 7047 1 16 899 840 5 0 0 -2 0 16
 7273 1 20 1225 840 5 0 0 -2 0 17
 7047 1 16 1108 840 5 0 0 -2 0 17
 7002 1 14 1368 840 5 0 0 -2 0 17
0
