GRISEL_87
11
 10 390 303 77 128 0 1
 20 80 400 206 81 2 2
 252 503 528 435 276 8 3
 252 976 527 435 276 72 4
 252 501 218 435 276 136 5
 252 986 219 435 276 200 6
 270 554 81 240 130 264 7
 270 797 82 240 130 281 8
 270 1041 83 240 130 298 9
 270 1283 84 240 130 315 10
 252 48 528 435 276 332 11
 0
82
 255 5 231 594 231 594 231 594 231 555 231 555 231 555 0 11 0 11
 255 5 671 284 671 284 671 284 671 245 671 245 671 245 0 5 0 5
 255 5 788 284 788 284 788 284 788 245 788 245 788 245 0 5 0 5
 255 5 1156 285 1156 285 1156 285 1156 246 1156 246 1156 246 0 6 0 6
 255 5 1273 285 1273 285 1273 285 1273 246 1273 246 1273 246 0 6 0 6
 255 5 1211 593 1211 593 1211 593 1211 554 1211 554 1211 554 0 4 0 4
 255 5 1068 593 1068 593 1068 593 1068 554 1068 554 1068 554 0 4 0 4
 255 5 790 594 790 594 790 594 790 555 790 555 790 555 0 3 0 3
 255 5 673 594 673 594 673 594 673 555 673 555 673 555 0 3 0 3
 255 5 881 555 881 555 1029 555 1029 555 1029 554 1029 554 0 3 0 4
 255 5 1039 246 1039 246 879 246 879 246 879 245 879 245 0 6 0 5
 255 5 1039 285 1039 285 1039 285 1052 285 1052 246 1052 246 0 6 0 6
 255 5 1354 554 1354 554 1392 554 1392 246 1364 246 1364 246 0 4 0 6
 255 5 1341 554 1341 554 1341 554 1341 788 1341 788 1341 788 0 4 0 4
 255 5 881 789 881 789 1029 789 1029 789 1029 788 1029 788 0 3 0 4
 255 5 451 317 451 317 451 245 451 245 554 245 554 245 0 1 0 5
 255 5 554 284 554 284 567 284 567 284 567 245 567 245 0 5 0 5
 255 5 570 108 570 108 580 108 580 108 580 245 580 245 0 7 0 5
 255 5 801 245 801 245 801 109 801 109 813 109 813 109 0 5 0 8
 255 5 426 555 426 555 426 555 556 555 556 555 556 555 0 11 0 3
 255 5 556 594 556 594 569 594 569 594 569 555 569 555 0 3 0 3
 0 5 309 737 309 737 309 737 309 776 309 776 309 776 0 11 0 11
 0 5 426 776 426 776 426 776 556 776 556 776 556 776 0 11 0 3
 0 5 647 737 647 737 647 737 647 776 647 776 647 776 0 3 0 3
 0 5 764 737 764 737 764 737 764 776 764 776 764 776 0 3 0 3
 0 5 881 737 881 737 868 737 868 737 868 776 868 776 0 3 0 3
 0 5 881 776 881 776 1029 776 1029 776 1029 775 1029 775 0 3 0 4
 0 5 1185 736 1185 736 1185 736 1185 775 1185 775 1185 775 0 4 0 4
 0 5 1328 736 1328 736 1328 736 1328 775 1328 775 1328 775 0 4 0 4
 0 5 1354 775 1354 775 1376 775 1376 467 1364 467 1364 467 0 4 0 6
 0 5 451 416 451 416 451 466 451 466 554 466 554 466 0 1 0 5
 0 5 879 466 879 466 1039 466 1039 466 1039 467 1039 467 0 5 0 6
 0 5 1364 428 1364 428 1351 428 1351 428 1351 467 1351 467 0 6 0 6
 0 5 1247 428 1247 428 1247 428 1247 467 1247 467 1247 467 0 6 0 6
 0 5 1130 428 1130 428 1130 428 1130 467 1130 467 1130 467 0 6 0 6
 0 5 879 427 879 427 866 427 866 427 866 466 866 466 0 5 0 5
 0 5 762 427 762 427 762 427 762 466 762 466 762 466 0 5 0 5
 0 5 645 427 645 427 645 427 645 466 645 466 645 466 0 5 0 5
 16744448 5 593 284 593 284 593 204 593 204 591 204 591 204 0 5 0 7
 16744448 5 606 284 606 284 606 204 606 204 604 204 604 204 0 5 0 7
 16744448 5 619 284 619 284 619 204 619 204 617 204 617 204 0 5 0 7
 16744448 5 632 284 632 284 632 204 632 204 630 204 630 204 0 5 0 7
 16744448 5 645 284 645 284 645 204 645 204 643 204 643 204 0 5 0 7
 16744448 5 710 284 710 284 710 254 695 254 695 204 695 204 0 5 0 7
 16744448 5 723 284 723 284 723 247 708 247 708 204 708 204 0 5 0 7
 16744448 5 736 284 736 284 736 239 721 239 721 204 721 204 0 5 0 7
 16744448 5 749 284 749 284 749 230 734 230 734 204 734 204 0 5 0 7
 16744448 5 762 284 762 284 762 221 747 221 747 204 747 204 0 5 0 7
 16744448 5 567 297 567 297 656 297 656 297 656 204 656 204 0 5 0 7
 16744448 5 580 310 580 310 664 310 664 204 669 204 669 204 0 5 0 7
 16744448 5 684 297 684 297 755 297 755 204 760 204 760 204 0 5 0 7
 16744448 5 697 310 697 310 773 310 773 310 773 204 773 204 0 5 0 7
 16744448 5 827 284 827 284 827 205 827 205 834 205 834 205 0 5 0 8
 16744448 5 840 284 840 284 840 205 840 205 847 205 847 205 0 5 0 8
 16744448 5 853 284 853 284 853 205 853 205 860 205 860 205 0 5 0 8
 16744448 5 866 284 866 284 866 205 866 205 873 205 873 205 0 5 0 8
 16744448 5 879 284 879 284 879 284 886 284 886 205 886 205 0 5 0 8
 16744448 5 801 297 801 297 899 297 899 297 899 205 899 205 0 5 0 8
 16744448 5 814 310 814 310 912 310 912 310 912 205 912 205 0 5 0 8
 255 5 1065 246 1065 246 1065 110 1065 110 1057 110 1057 110 0 6 0 9
 255 5 1286 246 1286 246 1286 111 1286 111 1299 111 1299 111 0 6 0 10
 16744448 5 1078 206 1078 206 1078 206 1078 285 1078 285 1078 285 0 9 0 6
 16744448 5 1091 285 1091 285 1091 285 1091 206 1091 206 1091 206 0 6 0 9
 16744448 5 1104 206 1104 206 1104 206 1104 285 1104 285 1104 285 0 9 0 6
 16744448 5 1117 285 1117 285 1117 285 1117 206 1117 206 1117 206 0 6 0 9
 16744448 5 1130 206 1130 206 1130 206 1130 285 1130 285 1130 285 0 9 0 6
 16744448 5 1052 298 1052 298 1143 298 1143 298 1143 206 1143 206 0 6 0 9
 16744448 5 1065 311 1065 311 1150 311 1150 206 1156 206 1156 206 0 6 0 9
 16744448 5 1182 206 1182 206 1182 255 1195 255 1195 285 1195 285 0 9 0 6
 16744448 5 1208 285 1208 285 1208 250 1195 250 1195 206 1195 206 0 6 0 9
 16744448 5 1221 285 1221 285 1221 245 1208 245 1208 206 1208 206 0 6 0 9
 16744448 5 1234 285 1234 285 1234 234 1221 234 1221 206 1221 206 0 6 0 9
 16744448 5 1247 285 1247 285 1247 225 1234 225 1234 206 1234 206 0 6 0 9
 16744448 5 1169 298 1169 298 1241 298 1241 206 1247 206 1247 206 0 6 0 9
 16744448 5 1182 311 1182 311 1260 311 1260 311 1260 206 1260 206 0 6 0 9
 16744448 5 1312 285 1312 285 1312 207 1312 207 1320 207 1320 207 0 6 0 10
 16744448 5 1325 285 1325 285 1325 207 1325 207 1333 207 1333 207 0 6 0 10
 16744448 5 1338 285 1338 285 1338 207 1338 207 1346 207 1346 207 0 6 0 10
 16744448 5 1351 285 1351 285 1351 207 1351 207 1359 207 1359 207 0 6 0 10
 16744448 5 1364 285 1364 285 1364 207 1364 207 1372 207 1372 207 0 6 0 10
 16744448 5 1286 298 1286 298 1385 298 1385 298 1385 207 1385 207 0 6 0 10
 16744448 5 1299 311 1299 311 1398 311 1398 311 1398 207 1398 207 0 6 0 10
12
 7190 1 16 550 646 5 0 0 -2 0 3
 7190 1 16 667 646 5 0 0 -2 0 3
 7190 1 16 784 646 5 0 0 -2 0 3
 7273 1 20 1062 645 5 0 0 -2 0 4
 7273 1 20 1205 645 5 0 0 -2 0 4
 7047 1 16 548 336 5 0 0 -2 0 5
 7047 1 16 665 336 5 0 0 -2 0 5
 7047 1 16 782 336 5 0 0 -2 0 5
 7047 1 16 1033 337 5 0 0 -2 0 6
 7047 1 16 1150 337 5 0 0 -2 0 6
 7047 1 16 1267 337 5 0 0 -2 0 6
 7002 1 14 225 646 5 0 0 -2 0 11
0
