GRISEL_87
11
 10 325 706 77 128 0 1
 20 80 400 206 81 2 2
 252 503 528 435 276 8 3
 252 976 527 435 276 72 4
 252 501 218 435 276 136 5
 252 979 218 435 276 200 6
 270 437 60 240 130 264 7
 270 689 60 240 130 281 8
 270 979 61 240 130 298 9
 270 1231 62 240 130 315 10
 252 43 364 435 276 332 11
 0
0
12
 7190 1 16 550 646 5 0 0 -2 0 3
 7190 1 16 667 646 5 0 0 -2 0 3
 7190 1 16 784 646 5 0 0 -2 0 3
 7273 1 20 1062 645 5 0 0 -2 0 4
 7273 1 20 1205 645 5 0 0 -2 0 4
 7047 1 16 548 336 5 0 0 -2 0 5
 7047 1 16 665 336 5 0 0 -2 0 5
 7047 1 16 782 336 5 0 0 -2 0 5
 7047 1 16 1026 336 5 0 0 -2 0 6
 7047 1 16 1143 336 5 0 0 -2 0 6
 7047 1 16 1260 336 5 0 0 -2 0 6
 7002 1 14 220 482 5 0 0 -2 0 11
0
