GRISEL_87
8
 10 10 175 77 128 0 1
 20 80 400 206 81 2 2
 301 758 114 277 252 8 3
 534 491 264 123 65 12 4
 534 495 133 123 65 15 5
 550 710 255 25 25 20 6
 561 628 157 31 19 21 7
 562 632 288 31 19 23 8
 0
8
 32768 5 1025 284 1071 284 1071 86 483 86 483 147 498 147 0 3 0 5
 255 5 1025 264 1059 264 1059 376 481 376 481 316 494 316 0 3 0 4
 10485760 5 731 264 731 264 731 264 767 264 767 264 767 264 0 6 0 3
 65535 5 635 297 635 297 635 297 610 297 610 297 610 297 0 8 0 4
 65535 5 659 300 659 300 749 300 749 284 767 284 767 284 0 8 0 3
 65535 5 498 185 498 185 498 239 659 239 659 294 659 294 0 5 0 8
 65535 5 614 166 614 166 614 166 631 166 631 166 631 166 0 5 0 7
 65535 5 655 166 655 166 655 215 479 215 479 278 494 278 0 7 0 4
0
0
