GRISEL_87
19
 10 77 187 77 128 372 1
 20 80 400 206 81 374 2
 252 158 113 435 276 380 3
 591 755 231 128 141 444 4 0001
 531 767 114 123 65 447 5
 551 694 387 25 25 450 6
 551 661 387 25 25 452 7
 560 930 288 25 19 454 9
 560 930 137 25 19 455 10
 255 247 393 206 81 456 11
 265 254 50 203 58 466 12 00000000
 8008 636 526 317 176 475 13
 831 749 103 5 15 475 14
 832 749 174 10 15 475 15
 833 902 118 10 15 475 16
 801 335 478 14 15 475 17
 802 355 478 13 15 475 18
 819 315 31 12 15 475 19
 252 158 527 435 276 475 20
 0
25
 16711680 5 682 393 682 393 682 128 682 128 770 128 770 128 0 7 0 5
 16711680 5 682 399 682 399 682 291 682 291 763 291 763 291 0 7 0 4
 4227072 5 715 393 715 393 715 166 715 166 770 166 770 166 0 6 0 5
 4227072 5 715 399 715 399 715 304 715 304 763 304 763 304 0 6 0 4
 65535 5 874 297 874 297 874 297 933 297 933 297 933 297 0 4 0 9
 65535 5 886 146 886 146 886 146 933 146 933 146 933 146 0 5 0 10
 255 5 138 201 138 201 138 140 138 140 211 140 211 140 0 1 0 3
 255 5 341 140 341 140 341 140 341 179 341 179 341 179 0 3 0 3
 255 5 523 140 523 140 523 140 523 374 523 374 523 374 0 3 0 3
 255 5 262 404 262 404 263 404 263 404 263 374 263 374 0 11 0 3
 16711680 5 341 404 341 404 341 404 341 322 341 322 341 322 0 11 0 3
 4227072 5 360 404 360 404 360 322 360 322 354 322 354 322 0 11 0 3
 65535 5 367 283 367 283 320 283 320 283 320 94 320 94 0 3 0 12
 0 5 138 300 138 300 138 361 138 361 211 361 211 361 0 1 0 3
 0 5 419 361 419 361 419 361 419 322 419 322 419 322 0 3 0 3
 0 5 262 462 262 462 237 462 237 462 237 361 237 361 0 11 0 3
 0 5 536 361 536 361 536 361 536 361 536 127 536 127 0 3 0 3
 0 5 265 87 265 87 265 127 265 127 263 127 263 127 0 12 0 3
 0 5 393 775 393 775 393 775 393 736 393 736 393 736 0 20 0 20
 0 5 276 736 276 736 276 736 276 775 276 775 276 775 0 20 0 20
 0 5 250 736 250 736 250 736 250 775 250 775 250 775 0 20 0 20
 16711680 5 250 619 250 619 289 619 289 723 315 723 315 723 0 20 0 20
 4227072 5 276 606 276 606 303 606 303 710 328 710 328 710 0 20 0 20
 65535 5 341 697 341 697 341 697 432 697 432 697 432 697 0 20 0 20
 255 5 315 593 315 593 315 593 315 554 315 554 315 554 0 20 0 20
7
 7008 1 14 335 231 5 0 0 -2 0 3
 702 0 0 246 554 5 0 0 -2 0 20
 702 0 0 271 554 5 0 0 -2 0 20
 7008 1 14 309 645 5 0 0 -2 0 20
 724 0 8 230 632 4 3 0 -2 0 20
 704 0 0 433 706 0 5 0 -2 0 20
 740 0 0 463 736 9 0 0 -2 0 20
0
