GRISEL_87
37
 10 28 768 77 128 972 1
 20 80 400 206 81 974 2
 501 340 197 283 202 980 3 21401
 501 776 195 283 202 983 4 22151
 501 1191 194 283 202 986 5 22015
 501 339 427 283 202 989 6 22431
 501 777 427 283 202 992 7 22513
 560 643 220 25 19 995 8
 560 1076 219 25 19 996 9
 560 1493 218 25 19 997 10
 560 644 450 25 19 998 11
 560 1075 451 25 19 999 12
 559 276 540 13 79 1000 15
 559 302 540 13 79 1006 19
 501 1193 429 283 202 1012 20 30510
 551 287 679 25 25 1015 24
 551 261 680 25 25 1017 25
 560 1487 452 25 19 1019 26
 591 849 23 128 141 1020 28 1110
 560 1008 79 25 19 1023 30
 537 929 702 123 65 1024 35
 537 928 783 123 65 1026 36
 532 1130 745 123 65 1028 37
 550 880 727 25 25 1031 40
 555 545 744 25 19 1032 41
 554 542 845 25 19 1033 42
 550 880 807 25 25 1034 44
 561 1074 807 31 19 1035 45
 561 1074 726 31 19 1037 46
 560 1284 768 25 19 1039 48
 560 749 725 25 19 1040 49
 560 748 826 25 19 1041 50
 550 789 114 25 25 1042 51
 550 753 115 25 25 1043 52
 551 439 758 25 25 1044 53
 533 596 701 123 65 1046 54
 533 596 802 123 65 1049 55
 0
36
 65535 5 1052 459 1052 459 1078 459 1078 459 1078 460 1078 460 0 7 0 12
 65535 5 614 459 614 459 614 459 647 459 647 459 647 459 0 6 0 11
 65535 5 615 229 615 229 615 229 646 229 646 229 646 229 0 3 0 8
 65535 5 1051 227 1051 227 1051 228 1051 228 1079 228 1079 228 0 4 0 9
 65535 5 1466 226 1466 226 1466 227 1466 227 1496 227 1496 227 0 5 0 10
 16744448 5 282 546 282 546 282 217 282 217 347 217 347 217 0 15 0 3
 16744448 5 282 557 282 557 282 647 722 647 722 215 783 215 0 15 0 4
 16744448 5 282 568 282 568 282 647 1140 647 1140 214 1198 214 0 15 0 5
 16744448 5 282 579 282 579 282 579 282 447 346 447 346 447 0 15 0 6
 16744448 5 282 590 282 590 282 647 722 647 722 447 784 447 0 15 0 7
 8454016 5 308 546 308 546 308 238 308 238 347 238 347 238 0 19 0 3
 8454016 5 308 557 308 557 308 665 747 665 747 236 783 236 0 19 0 4
 8454016 5 308 568 308 568 308 665 1165 665 1165 235 1198 235 0 19 0 5
 8454016 5 308 579 308 579 308 579 308 468 346 468 346 468 0 19 0 6
 8454016 5 308 590 308 590 308 665 747 665 747 468 784 468 0 19 0 7
 8454143 5 1468 461 1468 461 1468 461 1490 461 1490 461 1490 461 0 20 0 26
 8454016 5 308 685 308 685 308 685 308 612 308 612 308 612 0 24 0 19
 8454016 5 308 691 308 691 308 665 1165 665 1165 470 1200 470 0 24 0 20
 16744448 5 282 686 282 686 282 686 282 612 282 612 282 612 0 25 0 15
 16744448 5 282 692 282 647 1140 647 1140 449 1200 449 1200 449 0 25 0 20
 8454143 5 968 89 968 89 968 88 968 88 1011 88 1011 88 0 28 0 30
 16711680 5 901 736 901 736 901 735 901 735 932 735 932 735 0 40 0 35
 16711680 5 1048 735 1048 735 1048 735 1077 735 1077 735 1077 735 0 35 0 46
 16711680 5 1101 735 1101 735 1133 735 1133 735 1133 759 1133 759 0 46 0 37
 4227072 5 901 816 901 816 901 816 931 816 931 816 931 816 0 44 0 36
 4227072 5 1047 816 1047 816 1047 816 1077 816 1077 816 1077 816 0 36 0 45
 4227072 5 1101 816 1101 816 1133 816 1133 816 1133 797 1133 797 0 45 0 37
 16744448 5 774 124 774 124 774 83 774 83 857 83 857 83 0 52 0 28
 8454016 5 810 123 810 123 810 96 810 96 857 96 857 96 0 51 0 28
 65535 5 1249 777 1249 777 1249 777 1287 777 1287 777 1287 777 0 37 0 48
 255 5 460 764 460 764 510 764 510 715 599 715 599 715 0 53 0 54
 255 5 715 734 715 734 715 734 752 734 752 734 752 734 0 54 0 49
 4227072 5 460 770 460 770 509 770 509 816 599 816 599 816 0 53 0 55
 4227072 5 715 835 715 835 715 835 751 835 751 835 751 835 0 55 0 50
 12632256 5 566 753 566 753 566 753 599 753 599 753 599 753 0 41 0 54
 12632256 5 563 854 563 854 563 854 599 854 599 854 599 854 0 42 0 55
0
0
