GRISEL_87
16
 10 222 424 77 128 296 1
 20 80 400 206 81 298 2
 591 1003 161 128 141 304 5 1110
 560 1239 218 25 19 307 8
 560 1239 62 25 19 308 10
 252 308 354 435 276 309 12
 265 405 286 203 58 373 13 00000000
 255 410 638 206 81 382 14
 501 930 367 283 202 392 15 21401
 503 962 607 225 114 395 16 22151
 560 1239 630 25 19 398 19
 560 1239 389 25 19 399 20
 553 830 687 25 25 400 23
 553 871 686 25 25 404 24
 533 1030 38 123 65 408 28
 8000 362 50 317 176 411 29
 0
24
 8454143 5 1122 227 1122 227 1122 227 1242 227 1242 227 1242 227 0 5 0 8
 0 5 283 537 283 537 283 603 361 603 361 602 361 602 0 1 0 12
 0 5 543 563 543 563 543 563 543 602 543 602 543 602 0 12 0 12
 0 5 425 707 425 707 400 707 400 707 400 602 400 602 0 14 0 12
 0 5 416 323 416 323 416 368 416 368 413 368 413 368 0 13 0 12
 255 5 283 438 283 438 283 381 283 381 361 381 361 381 0 1 0 12
 255 5 465 381 465 381 465 381 465 420 465 420 465 420 0 12 0 12
 255 5 673 381 673 381 673 381 673 615 673 615 673 615 0 12 0 12
 255 5 426 615 426 615 426 649 426 649 425 649 425 649 0 12 0 14
 0 5 686 368 686 368 686 368 686 602 686 602 686 602 0 12 0 12
 33023 5 466 649 466 649 465 649 465 649 465 563 465 563 0 14 0 12
 16711680 5 485 649 485 649 478 649 478 649 478 563 478 563 0 14 0 12
 8454143 5 1242 639 1242 639 1179 639 1179 639 1179 638 1179 638 0 19 0 16
 8454143 5 1205 399 1205 399 1205 398 1205 398 1242 398 1242 398 0 15 0 20
 8454143 5 491 524 491 524 451 524 451 524 451 330 451 330 0 12 0 13
 8454143 5 1149 70 1149 70 1149 71 1149 71 1242 71 1242 71 0 28 0 10
 33023 5 851 690 851 690 851 690 851 52 1033 52 1033 52 0 23 0 28
 33023 5 851 696 851 696 851 221 851 221 1011 221 1011 221 0 23 0 5
 33023 5 851 702 851 702 851 387 851 387 937 387 937 387 0 23 0 15
 33023 5 851 708 851 708 851 638 851 638 969 638 969 638 0 23 0 16
 16711680 5 892 689 892 689 892 90 892 90 1033 90 1033 90 0 24 0 28
 16711680 5 892 695 892 695 892 234 892 234 1011 234 1011 234 0 24 0 5
 16711680 5 892 701 892 701 892 408 892 408 937 408 937 408 0 24 0 15
 16711680 5 892 707 892 707 892 660 892 660 969 660 969 660 0 24 0 16
1
 7000 1 14 459 472 5 0 0 -2 0 12
0
