GRISEL_87
46
 10 10 175 77 128 1819 1
 20 80 400 206 81 1821 2
 533 1092 150 123 65 1827 3
 533 1092 301 123 65 1830 4
 561 1244 174 31 19 1833 5
 561 1246 325 31 19 1835 6
 533 897 132 123 65 1837 7
 533 897 320 123 65 1840 8
 551 837 256 25 25 1843 9
 550 837 137 25 25 1845 10
 550 835 363 25 25 1846 11
 561 1043 155 31 19 1847 12
 561 1043 344 31 19 1849 13
 533 416 143 123 65 1851 14
 533 413 326 123 65 1854 15
 561 585 165 31 19 1857 16
 561 575 350 31 19 1859 17
 550 331 148 25 25 1861 18
 550 330 369 25 25 1862 19
 534 415 487 123 65 1863 20
 534 415 636 123 65 1866 23
 534 890 482 123 65 1869 24
 534 1103 502 123 65 1872 25
 534 889 654 123 65 1875 26
 534 1105 638 123 65 1878 27
 550 813 697 25 25 1881 28
 550 333 492 25 25 1882 29
 550 809 488 25 25 1883 30
 550 333 679 25 25 1884 31
 551 809 596 25 25 1885 32
 561 564 512 31 19 1887 33
 561 562 660 31 19 1889 34
 561 1045 506 31 19 1891 35
 561 1039 680 31 19 1893 36
 561 1252 525 31 19 1895 37
 561 1255 662 31 19 1897 38
 819 298 495 12 15 1899 39
 819 775 491 12 15 1899 40
 819 298 152 12 15 1899 41
 819 802 138 12 15 1899 42
 818 301 373 13 15 1899 43
 818 806 368 13 15 1899 44
 818 304 681 13 15 1899 45
 818 778 702 13 15 1899 46
 805 810 259 13 15 1899 47
 805 780 600 13 15 1899 48
 0
36
 8453888 5 1095 315 1095 315 1095 240 1271 240 1271 183 1271 183 0 4 0 5
 8453888 5 1095 202 1076 202 1076 277 1273 277 1273 334 1273 334 0 3 0 6
 33023 5 858 262 858 262 858 268 900 268 900 184 900 184 0 9 0 7
 33023 5 858 268 858 268 900 268 900 268 900 334 900 334 0 9 0 8
 8454143 5 856 372 856 372 856 372 900 372 900 372 900 372 0 11 0 8
 8454143 5 858 146 858 146 858 146 900 146 900 146 900 146 0 10 0 7
 16744448 5 1016 352 1016 352 1046 352 1046 352 1046 353 1046 353 0 8 0 13
 16744448 5 1070 353 1070 353 1070 353 1095 353 1095 353 1095 353 0 13 0 4
 16744448 5 1016 164 1016 164 1016 164 1046 164 1046 164 1046 164 0 7 0 12
 16744448 5 1070 164 1070 164 1070 164 1095 164 1095 164 1095 164 0 12 0 3
 8454143 5 351 378 351 378 351 378 416 378 416 378 416 378 0 19 0 15
 8454143 5 352 157 352 157 352 157 419 157 419 157 419 157 0 18 0 14
 8453888 5 612 174 612 174 612 244 416 244 416 340 416 340 0 16 0 15
 8453888 5 419 195 400 195 400 294 602 294 602 359 602 359 0 14 0 17
 8453888 5 535 176 535 176 588 176 588 176 588 174 588 174 0 14 0 16
 8453888 5 532 359 532 359 532 359 578 359 578 359 578 359 0 15 0 17
 8453888 5 1211 334 1211 334 1211 334 1249 334 1249 334 1249 334 0 4 0 6
 8453888 5 1211 183 1211 183 1211 183 1247 183 1247 183 1247 183 0 3 0 5
 8453888 5 1106 554 1106 554 1106 617 1282 617 1282 671 1282 671 0 25 0 38
 8453888 5 1279 534 1279 534 1279 576 1091 576 1091 652 1108 652 0 37 0 27
 8453888 5 1224 671 1224 671 1224 671 1258 671 1258 671 1258 671 0 27 0 38
 8453888 5 1222 535 1222 535 1255 535 1255 535 1255 534 1255 534 0 25 0 37
 8453888 5 591 521 591 521 591 576 403 576 403 650 418 650 0 33 0 23
 8453888 5 418 539 418 539 418 606 589 606 589 669 589 669 0 20 0 34
 8453888 5 534 669 534 669 534 669 565 669 565 669 565 669 0 23 0 34
 8453888 5 567 521 567 521 567 520 567 520 534 520 534 520 0 33 0 20
 8454143 5 354 501 354 501 354 501 418 501 418 501 418 501 0 29 0 20
 8454143 5 354 688 354 688 354 688 418 688 418 688 418 688 0 31 0 23
 8454143 5 830 497 830 497 893 497 893 497 893 496 893 496 0 30 0 24
 8454143 5 834 706 834 706 834 706 892 706 892 706 892 706 0 28 0 26
 16744448 5 1072 515 1072 515 1106 515 1106 515 1106 516 1106 516 0 35 0 25
 16744448 5 1048 515 1048 515 1048 515 1009 515 1009 515 1009 515 0 35 0 24
 16744448 5 1008 687 1008 687 1042 687 1042 687 1042 689 1042 689 0 26 0 36
 16744448 5 1066 689 1066 689 1108 689 1108 689 1108 690 1108 690 0 36 0 27
 33023 5 830 602 830 602 893 602 893 602 893 534 893 534 0 32 0 24
 33023 5 892 668 892 668 892 608 892 608 830 608 830 608 0 26 0 32
0
0
