GRISEL_87
24
 10 455 408 77 128 111 1
 20 80 400 206 81 113 2
 252 544 332 435 276 119 3
 265 598 261 203 58 183 5 00000000
 260 608 611 206 81 192 6
 534 1312 78 123 65 202 7
 550 1219 83 25 25 205 8
 534 1311 190 123 65 206 9
 550 1220 233 25 25 209 10
 561 1483 101 31 19 210 11
 561 1461 213 31 19 212 12
 8002 764 32 317 176 214 13
 836 1278 64 10 15 214 14
 834 1446 76 11 15 214 15
 832 1283 258 10 15 214 16
 833 1282 195 10 15 214 17
 835 1280 124 9 15 214 18
 831 1452 240 5 15 214 19
 301 1331 372 277 252 214 20
 550 1280 512 25 25 218 21
 534 1062 365 123 65 219 22
 534 1064 536 123 65 222 23
 562 1205 388 31 19 225 24
 561 1205 561 31 19 228 25
 0
29
 255 5 516 422 516 422 516 359 516 359 597 359 597 359 0 1 0 3
 255 5 649 398 649 398 649 398 649 359 649 359 649 359 0 3 0 3
 0 5 516 521 516 521 516 580 516 580 597 580 597 580 0 1 0 3
 0 5 727 541 727 541 727 541 727 580 727 580 727 580 0 3 0 3
 0 5 610 580 610 580 610 680 610 680 623 680 623 680 0 3 0 6
 0 5 610 346 610 346 610 298 610 298 609 298 609 298 0 3 0 5
 0 5 922 346 922 346 922 346 922 580 922 580 922 580 0 3 0 3
 255 5 909 593 909 593 909 593 909 359 909 359 909 359 0 3 0 3
 255 5 623 622 623 622 623 622 623 593 623 593 623 593 0 6 0 3
 16711680 5 664 622 664 622 662 622 662 622 662 541 662 541 0 6 0 3
 65280 5 714 541 714 541 714 622 714 622 702 622 702 622 0 3 0 6
 8454143 5 688 502 688 502 744 502 744 502 744 305 744 305 0 3 0 5
 16744448 5 688 515 688 515 688 515 675 515 675 515 675 515 0 3 0 3
 16744448 5 649 528 649 528 649 528 701 528 701 528 701 528 0 3 0 3
 16711680 5 1241 242 1241 242 1241 242 1314 242 1314 242 1314 242 0 10 0 9
 4259584 5 1240 92 1240 92 1240 92 1315 92 1315 92 1315 92 0 8 0 7
 65535 5 1431 111 1431 111 1431 110 1488 110 1486 110 1486 110 0 7 0 11
 16744448 5 1510 110 1510 110 1510 155 1314 155 1314 204 1314 204 0 11 0 9
 16744448 5 1315 130 1303 130 1303 173 1488 173 1488 222 1488 222 0 7 0 12
 4227327 5 649 502 649 502 636 502 636 305 664 305 664 305 0 3 0 5
 4227327 5 1430 223 1430 223 1430 222 1430 222 1464 222 1464 222 0 9 0 12
 16711680 5 1301 521 1301 521 1340 521 1340 521 1340 522 1340 522 0 21 0 20
 33023 5 1208 570 1208 570 1183 570 1183 570 1183 569 1183 569 0 25 0 23
 65535 5 1181 398 1181 398 1208 398 1208 398 1208 397 1208 397 0 22 0 24
 65535 5 1232 394 1232 394 1258 394 1258 542 1340 542 1340 542 0 24 0 20
 16744448 5 1067 550 1067 550 1067 507 1232 507 1232 400 1232 400 0 23 0 24
 16744448 5 1065 417 1065 464 1241 464 1241 570 1232 570 1232 570 0 22 0 25
 16711680 5 1598 542 1628 542 1628 675 1067 675 1067 588 1067 588 0 20 0 23
 65280 5 1065 379 1065 333 1627 333 1627 522 1598 522 1598 522 0 22 0 20
1
 7002 1 14 643 450 5 0 0 -2 0 3
0
