GRISEL_87
12
 10 10 175 77 128 1157 1
 20 80 400 206 81 1159 2
 538 393 139 116 113 1165 3
 539 681 142 116 124 1170 4
 561 538 216 31 19 1190 12
 560 537 156 25 19 1197 17
 551 273 317 25 25 1246 20
 560 824 159 25 19 1248 21
 560 829 219 25 19 1249 22
 551 272 365 25 25 1250 23
 554 627 151 25 19 1252 24
 554 628 181 25 19 1253 25
 0
11
 65535 5 293 371 293 371 396 371 396 371 396 224 396 224 0 23 0 3
 65535 5 293 377 293 377 684 377 684 377 684 247 684 247 0 23 0 4
 33023 5 294 329 294 329 654 329 654 218 684 218 684 218 0 20 0 4
 33023 5 396 195 396 195 363 195 363 323 294 323 294 323 0 3 0 20
 16711680 5 505 225 505 225 505 225 541 225 541 225 541 225 0 3 0 12
 16711680 5 505 166 505 166 540 166 540 166 540 165 540 165 0 3 0 17
 16711680 5 565 225 565 263 377 263 377 166 396 166 396 166 0 12 0 3
 16711680 5 793 169 793 169 827 169 827 169 827 168 827 168 0 4 0 21
 16711680 5 793 228 793 228 793 228 832 228 832 228 832 228 0 4 0 22
 16711680 5 648 160 648 160 648 160 684 160 684 160 684 160 0 24 0 4
 16711680 5 649 190 649 190 684 190 684 190 684 189 684 189 0 25 0 4
0
0
