GRISEL_87
11
 10 132 250 77 128 606 1
 20 215 274 206 81 608 2
 525 593 245 116 131 614 4
 565 738 139 76 122 629 14
 550 496 343 25 25 633 82
 550 460 344 25 25 634 83
 555 553 230 25 19 635 84
 555 553 249 25 19 636 85
 555 553 268 25 19 637 86
 555 553 287 25 19 638 87
 554 551 358 25 19 639 88
 1
14
 255 5 193 264 193 264 230 264 230 264 230 285 230 285 0 1 0 2
 0 5 193 363 193 363 230 363 230 363 230 343 230 343 0 1 0 2
 16711680 5 703 254 703 254 757 254 757 254 757 253 757 253 0 4 0 14
 16711680 5 703 268 703 268 769 268 769 268 769 253 769 253 0 4 0 14
 16711680 5 703 282 703 282 781 282 781 282 781 253 781 253 0 4 0 14
 16711680 5 703 296 703 296 793 296 793 296 793 253 793 253 0 4 0 14
 4227327 5 388 311 388 311 598 311 598 311 598 310 598 310 0 2 0 4
 8421376 5 517 352 517 352 517 337 598 337 598 338 598 338 0 82 0 4
 65280 5 481 353 481 353 481 322 598 322 598 324 598 324 0 83 0 4
 8421504 5 574 239 574 239 574 257 598 257 598 254 598 254 0 84 0 4
 8421504 5 574 258 574 258 574 269 598 269 598 268 598 268 0 85 0 4
 8421504 5 574 277 574 277 574 283 598 283 598 282 598 282 0 86 0 4
 8421504 5 574 296 574 296 574 296 598 296 598 296 598 296 0 87 0 4
 4210816 5 572 367 572 367 598 367 598 367 598 366 598 366 0 88 0 4
0
0
