GRISEL_87
13
 10 10 175 77 128 1157 1
 20 80 400 206 81 1159 2
 538 393 139 116 113 1165 3
 539 681 142 116 124 1170 4
 538 395 317 116 113 1176 5
 539 678 320 116 124 1181 6
 535 224 312 123 65 1187 7
 561 522 156 31 19 1190 12
 561 523 335 31 19 1192 13
 562 810 160 31 19 1194 16
 560 810 338 25 19 1197 17
 553 312 471 25 25 1198 18
 553 312 512 25 25 1202 19
 0
18
 16711680 5 398 344 398 344 398 344 343 344 343 344 343 344 0 5 0 7
 16711680 5 505 225 505 225 505 260 345 260 345 166 396 166 0 3 0 3
 16711680 5 526 344 526 344 526 344 507 344 507 344 507 344 0 13 0 5
 16711680 5 525 165 525 165 505 165 505 165 505 166 505 166 0 12 0 3
 16711680 5 227 326 227 326 227 128 549 128 549 165 549 165 0 7 0 12
 16711680 5 550 344 550 344 550 445 227 445 227 364 227 364 0 13 0 7
 8454143 5 813 169 813 169 813 169 793 169 793 169 793 169 0 16 0 4
 8454143 5 837 172 837 172 837 283 663 283 663 338 681 338 0 16 0 6
 8454143 5 837 166 837 166 837 283 663 283 663 367 681 367 0 16 0 6
 8454143 5 790 347 790 347 790 347 813 347 813 347 813 347 0 6 0 17
 4227327 5 333 474 333 474 360 474 360 195 396 195 396 195 0 18 0 3
 4227327 5 333 480 333 474 360 474 360 373 398 373 398 373 0 18 0 5
 4227327 5 333 486 333 474 627 474 627 218 684 218 684 218 0 18 0 4
 4227327 5 333 492 333 474 627 474 627 396 681 396 681 396 0 18 0 6
 8454016 5 333 515 333 515 379 515 379 224 396 224 396 224 0 19 0 3
 8454016 5 333 521 333 515 379 515 379 402 398 402 398 402 0 19 0 5
 8454016 5 333 527 333 515 645 515 645 247 684 247 684 247 0 19 0 4
 8454016 5 333 533 333 533 333 515 645 515 645 425 681 425 0 19 0 6
0
0
