GRISEL_87
19
 10 114 275 77 128 640 1
 20 198 299 206 81 642 2
 525 593 245 116 131 648 4
 565 725 140 76 122 663 14
 555 530 228 25 19 667 84
 555 529 247 25 19 668 85
 555 529 267 25 19 669 86
 555 529 286 25 19 670 87
 554 529 356 25 19 671 88
 555 852 248 25 19 672 89
 555 852 229 25 19 673 90
 555 852 267 25 19 674 91
 525 911 244 116 131 675 92
 555 852 285 25 19 690 93
 565 1042 138 76 122 691 94
 531 458 451 123 65 695 95
 551 342 427 25 25 698 96
 551 343 393 25 25 700 97
 554 851 356 25 19 702 98
 1
28
 255 5 175 289 175 289 175 288 213 288 213 310 213 310 0 1 0 2
 0 5 175 388 175 388 213 388 213 388 213 368 213 368 0 1 0 2
 16711680 5 703 254 703 254 703 254 744 254 744 254 744 254 0 4 0 14
 16711680 5 703 268 703 268 756 268 756 268 756 254 756 254 0 4 0 14
 16711680 5 703 282 703 282 768 282 768 282 768 254 768 254 0 4 0 14
 16711680 5 703 296 703 296 780 296 780 296 780 254 780 254 0 4 0 14
 8421504 5 551 237 551 237 551 257 598 257 598 254 598 254 0 84 0 4
 8421504 5 550 256 551 256 551 269 598 269 598 268 598 268 0 85 0 4
 8421504 5 550 276 550 276 550 283 598 283 598 282 598 282 0 86 0 4
 8421504 5 550 295 550 295 550 296 550 296 598 296 598 296 0 87 0 4
 4210816 5 550 365 550 365 550 366 550 366 598 366 598 366 0 88 0 4
 11579568 5 873 294 873 294 916 294 916 294 916 295 916 295 0 93 0 92
 11579568 5 873 276 873 276 873 281 873 281 916 281 916 281 0 91 0 92
 11579568 5 873 257 873 257 873 267 873 267 916 267 916 267 0 89 0 92
 11579568 5 873 238 873 238 873 238 873 253 916 253 916 253 0 90 0 92
 16711680 5 1021 253 1021 253 1021 252 1021 252 1061 252 1061 252 0 92 0 94
 16711680 5 1021 267 1021 267 1073 267 1073 267 1073 252 1073 252 0 92 0 94
 16711680 5 1021 281 1021 281 1085 281 1085 281 1085 252 1085 252 0 92 0 94
 16711680 5 1021 295 1021 295 1097 295 1097 295 1097 252 1097 252 0 92 0 94
 65280 5 577 483 577 483 577 338 577 338 598 338 598 338 0 95 0 4
 65280 5 363 439 363 433 841 433 841 337 916 337 916 337 0 96 0 92
 8454143 5 916 323 827 323 827 399 364 399 364 405 364 405 0 92 0 97
 8454143 5 364 399 364 399 497 399 497 324 598 324 598 324 0 97 0 4
 4210816 5 872 365 872 365 872 365 916 365 916 365 916 365 0 98 0 92
 4227327 5 257 323 257 323 257 323 257 310 598 310 598 310 0 2 0 4
 65280 5 461 503 461 503 461 529 1021 529 1021 323 1021 323 0 95 0 92
 65280 5 363 433 363 433 461 433 461 433 461 465 461 465 0 96 0 95
 33023 5 257 310 454 310 454 386 807 386 807 309 916 309 0 2 0 92
0
0
