GRISEL_87
21
 10 12 694 77 128 1587 1
 20 80 400 206 81 1589 2
 538 398 68 116 113 1595 3
 539 892 80 116 124 1600 4
 538 402 234 116 113 1606 5
 539 891 237 116 124 1611 6
 535 245 229 123 65 1617 7
 552 368 525 25 25 1620 8
 560 1027 406 25 19 1623 17
 538 403 384 116 113 1624 18
 531 111 361 123 65 1629 19
 535 242 379 123 65 1632 20
 562 524 86 31 19 1635 21
 562 524 252 31 19 1638 22
 561 525 401 31 19 1641 23
 531 680 402 123 65 1643 25
 563 1024 98 31 19 1646 26
 552 820 513 25 25 1650 28
 539 889 388 116 124 1653 29
 561 1025 255 31 19 1659 30
 562 808 425 31 19 1661 31
 0
28
 16711680 5 405 261 405 261 405 261 364 261 364 261 364 261 0 5 0 7
 16711680 5 510 154 510 154 510 189 359 189 359 95 401 95 0 3 0 3
 16711680 5 361 411 361 411 361 411 406 411 406 411 406 411 0 20 0 18
 16711680 5 230 393 230 393 230 393 245 393 245 393 245 393 0 19 0 20
 16711680 5 527 95 527 95 527 95 510 95 510 95 510 95 0 21 0 3
 16711680 5 527 261 527 261 527 261 514 261 514 261 514 261 0 22 0 5
 16711680 5 551 264 551 264 551 353 248 353 248 281 248 281 0 22 0 7
 16711680 5 528 410 528 410 515 410 515 410 515 411 515 411 0 23 0 18
 16711680 5 245 431 245 431 245 507 552 507 552 410 552 410 0 20 0 23
 8454143 5 894 255 878 255 878 215 1051 215 1051 107 1051 107 0 6 0 26
 8454143 5 894 284 878 284 878 215 1051 215 1051 101 1051 101 0 6 0 26
 33023 5 389 528 389 528 389 124 389 124 401 124 401 124 0 8 0 3
 33023 5 389 534 389 534 389 290 389 290 405 290 405 290 0 8 0 5
 33023 5 389 540 389 540 389 440 389 440 406 440 406 440 0 8 0 18
 33023 5 841 528 841 516 853 516 853 156 895 156 895 156 0 28 0 4
 33023 5 841 522 841 516 853 516 853 464 892 464 892 464 0 28 0 29
 33023 5 841 516 841 516 853 516 853 313 894 313 894 313 0 28 0 6
 8454143 5 1004 107 1004 107 1004 107 1027 107 1027 107 1027 107 0 4 0 26
 8454143 5 1028 264 1028 264 1028 264 1003 264 1003 264 1003 264 0 30 0 6
 8454143 5 1030 415 1030 415 1030 415 1001 415 1001 415 1001 415 0 17 0 29
 8454143 5 811 434 811 434 811 434 799 434 799 434 799 434 0 31 0 25
 8454143 5 835 431 835 436 870 436 870 406 892 406 892 406 0 31 0 29
 8454143 5 892 435 892 435 892 437 892 437 835 437 835 437 0 29 0 31
 8454143 5 683 416 683 416 683 373 1055 373 1055 264 1052 264 0 25 0 30
 8454143 5 1051 113 1051 113 1051 215 661 215 661 454 683 454 0 26 0 25
 16711680 5 114 375 114 375 114 353 551 353 551 258 551 258 0 19 0 22
 16711680 5 114 413 114 413 100 413 100 208 551 208 551 92 0 19 0 21
 16711680 5 551 98 551 98 551 208 248 208 248 243 248 243 0 21 0 7
0
0
