GRISEL_87
28
 10 165 262 77 128 705 1
 20 249 290 206 81 707 2
 525 595 234 116 131 713 4
 565 742 129 76 122 728 14
 555 544 218 25 19 732 84
 555 544 239 25 19 733 85
 555 544 257 25 19 734 86
 555 544 277 25 19 735 87
 554 545 345 25 19 736 88
 555 867 238 25 19 737 89
 555 867 216 25 19 738 90
 555 868 257 25 19 739 91
 525 920 233 116 131 740 92
 555 867 276 25 19 755 93
 565 1063 127 76 122 756 94
 531 702 457 123 65 760 95
 554 866 345 25 19 763 98
 525 1229 233 116 131 764 99
 565 1362 129 76 122 779 100
 541 413 461 123 65 783 103
 562 1362 303 31 19 787 104
 552 369 434 25 25 790 105
 552 370 401 25 25 793 106
 555 1177 221 25 19 796 107
 555 1177 240 25 19 797 108
 555 1177 258 25 19 798 109
 555 1179 276 25 19 799 110
 554 1181 346 25 19 800 111
 1
44
 255 5 226 276 226 276 226 276 264 276 264 301 264 301 0 1 0 2
 0 5 226 375 226 375 264 375 264 375 264 359 264 359 0 1 0 2
 16711680 5 705 243 705 243 705 243 761 243 761 243 761 243 0 4 0 14
 16711680 5 705 257 705 257 705 259 773 259 773 243 773 243 0 4 0 14
 16711680 5 705 271 705 271 785 271 785 271 785 243 785 243 0 4 0 14
 16711680 5 705 285 705 285 797 285 797 285 797 243 797 243 0 4 0 14
 8421504 5 565 227 565 227 565 243 565 243 600 243 600 243 0 84 0 4
 8421504 5 565 248 565 248 563 248 563 257 600 257 600 257 0 85 0 4
 8421504 5 565 266 565 266 600 266 600 266 600 271 600 271 0 86 0 4
 8421504 5 565 286 565 286 600 286 600 286 600 285 600 285 0 87 0 4
 4210816 5 566 354 566 354 600 354 600 354 600 355 600 355 0 88 0 4
 11579568 5 888 285 888 285 888 284 888 284 925 284 925 284 0 93 0 92
 11579568 5 889 266 889 266 889 270 889 270 925 270 925 270 0 91 0 92
 11579568 5 888 247 888 247 888 256 888 256 925 256 925 256 0 89 0 92
 11579568 5 888 225 888 225 888 242 888 242 925 242 925 242 0 90 0 92
 16711680 5 1030 242 1030 242 1030 241 1030 241 1082 241 1082 241 0 92 0 94
 16711680 5 1030 256 1030 256 1094 256 1094 256 1094 241 1094 241 0 92 0 94
 16711680 5 1030 270 1030 270 1106 270 1106 270 1106 241 1106 241 0 92 0 94
 16711680 5 1030 284 1030 284 1118 284 1118 284 1118 241 1118 241 0 92 0 94
 4210816 5 887 354 887 354 887 354 925 354 925 354 925 354 0 98 0 92
 16711680 5 1339 242 1339 242 1339 243 1339 243 1381 243 1381 243 0 99 0 100
 16711680 5 1339 256 1339 256 1393 256 1393 256 1393 243 1393 243 0 99 0 100
 16711680 5 1339 270 1339 270 1405 270 1405 270 1405 243 1405 243 0 99 0 100
 16711680 5 1339 284 1339 284 1417 284 1417 284 1417 243 1417 243 0 99 0 100
 32768 5 821 489 821 489 852 489 852 326 925 326 925 326 0 95 0 92
 32768 5 1365 312 1365 312 1365 312 1339 312 1339 312 1339 312 0 104 0 99
 32768 5 1389 315 1389 315 1389 546 705 546 705 509 705 509 0 104 0 95
 32768 5 1389 309 1389 309 1389 546 399 546 399 494 416 494 0 104 0 103
 32768 5 1030 312 1031 312 1031 534 416 534 416 513 416 513 0 92 0 103
 32768 5 390 437 390 437 390 449 416 449 416 475 416 475 0 105 0 103
 32768 5 532 494 532 494 532 327 532 327 600 327 600 327 0 103 0 4
 32768 5 390 443 390 443 390 449 705 449 705 471 705 471 0 105 0 95
 32768 5 390 449 390 449 1168 449 1168 326 1234 326 1234 326 0 105 0 99
 65535 5 391 404 391 418 517 418 517 313 600 313 600 313 0 106 0 4
 65535 5 391 410 391 418 836 418 836 312 925 312 925 312 0 106 0 92
 65535 5 391 416 391 418 1156 418 1156 312 1234 312 1234 312 0 106 0 99
 11579568 5 1200 285 1200 285 1234 285 1234 285 1234 284 1234 284 0 110 0 99
 11579568 5 1198 267 1198 267 1234 267 1234 267 1234 270 1234 270 0 109 0 99
 11579568 5 1198 249 1198 249 1198 256 1198 256 1234 256 1234 256 0 108 0 99
 11579568 5 1198 230 1198 230 1198 242 1198 242 1234 242 1234 242 0 107 0 99
 4210816 5 1202 355 1202 355 1234 355 1234 355 1234 354 1234 354 0 111 0 99
 33023 5 308 327 308 327 308 299 308 299 600 299 600 299 0 2 0 4
 33023 5 308 314 308 314 308 387 819 387 819 298 925 298 0 2 0 92
 33023 5 308 301 308 301 308 387 1139 387 1139 298 1234 298 0 2 0 99
0
0
