GRISEL_87
16
 10 10 175 77 128 330 1
 20 80 400 206 81 332 2
 538 570 122 116 113 338 3
 560 723 582 25 19 343 24
 560 721 428 25 19 344 25
 560 719 282 25 19 345 26
 560 718 140 25 19 346 27
 550 503 140 25 25 347 28
 550 505 428 25 25 348 29
 550 503 583 25 25 349 30
 550 502 282 25 25 350 31
 553 347 346 25 25 351 32
 553 347 418 25 25 355 33
 538 571 264 116 113 359 34
 538 573 410 116 113 364 35
 538 575 565 116 113 369 36
 0
16
 16744448 5 524 149 524 149 524 149 573 149 573 149 573 149 0 28 0 3
 65535 5 721 149 721 149 721 149 682 149 682 149 682 149 0 27 0 3
 65535 5 683 291 683 291 683 291 722 291 722 291 722 291 0 34 0 26
 65535 5 685 437 685 437 685 437 724 437 724 437 724 437 0 35 0 25
 65535 5 687 592 687 592 726 592 726 592 726 591 726 591 0 36 0 24
 16744448 5 523 291 523 291 523 291 574 291 574 291 574 291 0 31 0 34
 16744448 5 526 437 526 437 526 437 576 437 576 437 576 437 0 29 0 35
 16744448 5 524 592 524 592 524 592 578 592 578 592 578 592 0 30 0 36
 33023 5 368 349 368 367 480 367 480 178 573 178 573 178 0 32 0 3
 33023 5 368 361 368 367 480 367 480 466 576 466 576 466 0 32 0 35
 33023 5 368 355 368 367 480 367 480 320 574 320 574 320 0 32 0 34
 33023 5 368 367 368 367 480 367 480 621 578 621 578 621 0 32 0 36
 65535 5 368 421 368 439 448 439 448 207 573 207 573 207 0 33 0 3
 65535 5 368 427 368 439 448 439 448 349 574 349 574 349 0 33 0 34
 65535 5 368 433 368 439 448 439 448 495 576 495 576 495 0 33 0 35
 65535 5 368 439 368 439 448 439 448 650 578 650 578 650 0 33 0 36
0
0
