GRISEL_87
46
 10 1228 410 77 128 294 1
 20 80 400 206 81 296 2
 538 507 76 116 113 302 3
 539 976 82 116 124 307 4
 538 507 234 116 113 313 5
 539 976 235 116 124 318 6
 535 302 228 123 65 324 7
 560 1109 568 25 19 327 17
 538 507 384 116 113 328 18
 531 125 365 123 65 333 19
 535 301 380 123 65 336 20
 562 643 94 31 19 339 21
 562 645 252 31 19 342 22
 531 756 389 123 65 345 25
 539 976 387 116 124 348 29
 561 1111 253 31 19 354 30
 538 507 530 116 113 356 32
 562 643 404 31 19 361 33
 561 644 547 31 19 364 34
 531 125 507 123 65 366 38
 563 890 412 31 19 369 42
 531 755 550 123 65 373 43
 561 1107 405 31 19 376 44
 539 976 552 116 124 378 45
 562 888 573 31 19 384 47
 562 896 258 31 19 387 48
 562 1112 100 31 19 390 49
 535 299 525 123 65 393 57
 562 256 388 31 19 396 58
 561 429 548 31 19 399 59
 561 432 403 31 19 401 60
 561 436 251 31 19 403 61
 561 439 94 31 19 405 62
 561 256 530 31 19 407 63
 252 1274 123 435 276 409 64
 265 1436 56 203 58 473 66 00000000
 260 1328 404 206 81 482 67
 252 1273 555 435 276 492 68
 265 1416 492 203 58 556 69 00000000
 554 932 90 25 19 565 70
 554 933 121 25 19 566 71
 553 686 764 25 25 567 73
 559 701 684 13 79 572 76
 551 1696 466 25 25 580 77
 559 773 720 13 79 586 78
 553 758 802 25 25 600 80
 0
136
 16711680 5 646 103 646 103 646 103 619 103 619 103 619 103 0 21 0 3
 16711680 5 648 261 648 261 648 261 619 261 619 261 619 261 0 22 0 5
 16711680 5 672 264 672 264 672 355 305 355 305 280 305 280 0 22 0 7
 8454143 5 1114 262 1114 262 1114 262 1088 262 1088 262 1088 262 0 30 0 6
 8454143 5 759 403 759 403 759 372 1138 372 1138 262 1138 262 0 25 0 30
 16711680 5 128 379 128 379 128 355 672 355 672 258 672 258 0 19 0 22
 16711680 5 670 106 670 106 670 216 305 216 305 242 305 242 0 21 0 7
 16711680 5 619 557 619 557 647 557 647 557 647 556 647 556 0 32 0 34
 16711680 5 619 411 619 411 646 411 646 411 646 413 646 413 0 18 0 33
 8454143 5 1110 414 1110 414 1110 414 1088 414 1088 414 1088 414 0 44 0 29
 8454143 5 893 421 893 421 893 421 875 421 875 421 875 421 0 42 0 25
 8454143 5 917 415 917 415 917 404 979 404 979 405 979 405 0 42 0 29
 8454143 5 979 434 979 434 979 433 917 433 917 421 917 421 0 29 0 42
 8454143 5 1088 579 1088 579 1112 579 1112 579 1112 577 1112 577 0 45 0 17
 8454143 5 891 582 891 582 891 582 874 582 874 582 874 582 0 47 0 43
 8454143 5 915 579 915 579 915 570 915 570 979 570 979 570 0 47 0 45
 8454143 5 915 585 915 585 915 599 915 599 979 599 979 599 0 47 0 45
 8454143 5 1134 414 1134 414 1134 532 758 532 758 564 758 564 0 44 0 43
 8454143 5 758 602 740 602 740 492 917 492 917 427 917 427 0 43 0 42
 8454143 5 923 264 923 264 923 253 923 253 979 253 979 253 0 48 0 6
 8454143 5 923 270 923 270 923 282 923 282 979 282 979 282 0 48 0 6
 8454143 5 1088 109 1088 109 1088 109 1115 109 1115 109 1115 109 0 4 0 49
 8454143 5 1139 112 1139 112 1139 218 898 218 898 267 899 267 0 49 0 48
 8454143 5 1139 106 1139 106 1139 218 741 218 741 441 759 441 0 49 0 25
 16711680 5 128 417 117 417 117 216 670 216 670 100 670 100 0 19 0 21
 16711680 5 283 394 283 394 283 394 304 394 304 394 304 394 0 58 0 20
 16711680 5 259 397 259 397 259 397 244 397 244 397 244 397 0 58 0 19
 16711680 5 670 416 670 416 670 503 128 503 128 521 128 521 0 33 0 38
 16711680 5 128 559 114 559 114 459 283 459 283 400 283 400 0 38 0 58
 16711680 5 456 557 456 557 456 557 510 557 510 557 510 557 0 59 0 32
 16711680 5 432 557 432 557 432 557 418 557 418 557 418 557 0 59 0 57
 16711680 5 420 412 420 412 420 412 435 412 435 412 435 412 0 20 0 60
 16711680 5 459 412 459 412 510 412 510 412 510 411 510 411 0 60 0 18
 16711680 5 463 260 463 260 510 260 510 260 510 261 510 261 0 61 0 5
 16711680 5 439 260 439 260 439 260 421 260 421 260 421 260 0 61 0 7
 16711680 5 510 103 510 103 510 103 466 103 466 103 466 103 0 3 0 62
 16711680 5 619 162 632 162 632 196 429 196 429 103 442 103 0 3 0 62
 16711680 5 302 577 302 577 302 651 671 651 671 556 671 556 0 57 0 34
 16711680 5 259 539 259 539 259 539 244 539 244 539 244 539 0 63 0 38
 16711680 5 283 539 283 539 283 539 302 539 302 539 302 539 0 63 0 57
 255 5 1483 332 1483 332 1483 332 1483 384 1483 384 1483 384 0 64 0 64
 255 5 1600 332 1600 332 1600 332 1600 384 1600 384 1600 384 0 64 0 64
 255 5 1639 384 1639 384 1649 384 1649 150 1639 150 1639 150 0 64 0 64
 255 5 1289 424 1289 424 1289 150 1289 150 1327 150 1327 150 0 1 0 64
 255 5 1327 189 1327 189 1327 158 1340 158 1340 150 1340 150 0 64 0 64
 0 5 1447 93 1447 93 1447 137 1447 137 1444 137 1444 137 0 66 0 64
 0 5 1289 523 1289 523 1317 523 1317 371 1327 371 1327 371 0 1 0 64
 0 5 1652 137 1652 137 1659 137 1659 371 1652 371 1652 371 0 64 0 64
 0 5 1470 189 1470 189 1470 189 1470 137 1470 137 1470 137 0 64 0 64
 0 5 1587 189 1587 189 1587 189 1587 137 1587 137 1587 137 0 64 0 64
 0 5 1405 332 1405 332 1405 332 1405 371 1405 371 1405 371 0 64 0 64
 8454016 5 1639 228 1639 228 1639 228 1600 228 1600 228 1600 228 0 64 0 64
 8454016 5 1587 293 1587 293 1536 293 1536 228 1548 228 1548 228 0 64 0 64
 8454016 5 1522 228 1522 228 1522 228 1483 228 1483 228 1483 228 0 64 0 64
 8454016 5 1470 293 1470 293 1420 293 1420 228 1431 228 1431 228 0 64 0 64
 8454143 5 1613 189 1613 189 1613 100 1613 100 1622 100 1622 100 0 64 0 66
 8454143 5 1561 189 1561 189 1561 127 1602 127 1602 100 1602 100 0 64 0 66
 8454143 5 1496 189 1496 189 1496 119 1582 119 1582 100 1582 100 0 64 0 66
 8454143 5 1444 189 1459 189 1459 111 1562 111 1562 100 1562 100 0 64 0 66
 4227327 5 1431 306 1431 306 1431 306 1496 306 1496 306 1496 306 0 64 0 64
 4227327 5 1496 319 1496 319 1496 319 1548 319 1548 319 1548 319 0 64 0 64
 4227327 5 1548 306 1548 306 1548 306 1613 306 1613 306 1613 306 0 64 0 64
 16744448 5 1639 189 1639 189 1626 189 1626 189 1626 150 1626 150 0 64 0 64
 16744448 5 1613 202 1613 202 1613 202 1548 202 1548 202 1548 202 0 64 0 64
 65535 5 1561 215 1561 215 1561 215 1392 215 1392 215 1392 215 0 64 0 64
 65535 5 1613 215 1613 215 1613 221 1379 221 1379 215 1379 215 0 64 0 64
 16744448 5 1405 202 1405 202 1405 202 1483 202 1483 202 1483 202 0 64 0 64
 12615808 5 1340 202 1340 202 1340 195 1496 195 1496 202 1496 202 0 64 0 64
 12615808 5 1405 228 1405 228 1405 228 1353 228 1353 228 1353 228 0 64 0 64
 16744448 5 1366 189 1366 189 1366 189 1431 189 1431 189 1431 189 0 64 0 64
 0 5 1427 529 1427 529 1427 569 1427 569 1430 569 1430 569 0 69 0 68
 0 5 1469 764 1469 764 1469 764 1469 803 1469 803 1469 803 0 68 0 68
 0 5 1573 764 1573 764 1573 764 1573 803 1573 803 1573 803 0 68 0 68
 0 5 1664 764 1664 764 1664 795 1638 795 1638 803 1638 803 0 68 0 68
 255 5 1300 621 1300 621 1300 608 1339 608 1339 582 1339 582 0 68 0 68
 255 5 1391 621 1391 621 1391 621 1391 582 1391 582 1391 582 0 68 0 68
 255 5 1495 621 1495 621 1495 621 1495 582 1495 582 1495 582 0 68 0 68
 255 5 1586 621 1586 621 1586 621 1586 582 1586 582 1586 582 0 68 0 68
 255 5 1651 582 1651 582 1658 582 1658 384 1652 384 1652 384 0 68 0 64
 0 5 1651 803 1651 803 1678 803 1678 569 1651 569 1651 569 0 68 0 68
 0 5 1378 764 1378 764 1378 764 1378 803 1378 803 1378 803 0 68 0 68
 0 5 1289 497 1289 497 1289 569 1289 569 1326 569 1326 569 0 1 0 68
 8454143 5 1651 621 1651 621 1602 621 1602 621 1602 536 1602 536 0 68 0 69
 8454143 5 1582 536 1582 536 1577 536 1577 725 1638 725 1638 725 0 69 0 68
 8454143 5 1560 621 1560 621 1562 621 1562 621 1562 536 1562 536 0 68 0 69
 8454143 5 1547 725 1547 725 1547 536 1547 536 1542 536 1542 536 0 68 0 69
 4227327 5 1521 725 1521 725 1521 660 1521 660 1534 660 1534 660 0 68 0 68
 4227327 5 1612 751 1612 751 1612 751 1521 751 1521 751 1521 751 0 68 0 68
 4227327 5 1612 738 1612 738 1612 660 1612 660 1625 660 1625 660 0 68 0 68
 8454016 5 1612 634 1612 634 1612 634 1664 634 1664 634 1664 634 0 68 0 68
 8454016 5 1638 738 1638 738 1638 745 1462 745 1462 660 1443 660 0 68 0 68
 8454016 5 1469 660 1469 660 1469 738 1469 738 1599 738 1599 738 0 68 0 68
 8454016 5 1651 647 1651 647 1651 647 1456 647 1456 647 1456 647 0 68 0 68
 16776960 5 1560 634 1560 634 1560 626 1404 626 1404 634 1404 634 0 68 0 68
 16776960 5 1638 764 1638 764 1638 773 1352 773 1352 764 1352 764 0 68 0 68
 16776960 5 1651 660 1651 660 1651 780 1339 780 1339 764 1339 764 0 68 0 68
 16776960 5 1365 725 1365 725 1385 725 1385 660 1417 660 1417 660 0 68 0 68
 16711935 5 1508 725 1508 725 1508 725 1417 725 1417 725 1417 725 0 68 0 68
 16711935 5 1547 764 1547 764 1547 757 1404 757 1404 764 1404 764 0 68 0 68
 16711935 5 1365 738 1365 738 1365 738 1313 738 1313 738 1313 738 0 68 0 68
 16711935 5 1300 751 1288 751 1288 654 1560 654 1560 660 1560 660 0 68 0 68
 16711935 5 1326 751 1326 751 1326 751 1391 751 1391 751 1391 751 0 68 0 68
 4227327 5 1498 415 1498 415 1498 332 1498 332 1496 332 1496 332 0 67 0 64
 255 5 1343 415 1343 415 1343 384 1343 384 1340 384 1340 384 0 67 0 64
 8421631 5 954 130 954 130 979 130 979 130 979 129 979 129 0 71 0 4
 8421631 5 953 99 953 99 979 99 979 99 979 100 979 100 0 70 0 4
 16777088 5 1521 634 1521 634 1521 634 1430 634 1430 634 1430 634 0 68 0 68
 33023 5 707 767 707 767 707 767 707 756 707 756 707 756 0 73 0 76
 33023 5 707 690 707 690 484 690 484 132 510 132 510 132 0 76 0 3
 33023 5 707 701 707 690 484 690 484 290 510 290 510 290 0 76 0 5
 33023 5 707 712 707 712 707 690 484 690 484 440 510 440 0 76 0 18
 16711680 5 304 432 304 432 304 503 670 503 670 410 670 410 0 20 0 33
 33023 5 707 723 707 723 707 690 484 690 484 586 510 586 0 76 0 32
 33023 5 707 734 707 734 707 690 954 690 954 158 979 158 0 76 0 4
 33023 5 707 773 707 773 707 690 954 690 954 311 979 311 0 73 0 6
 33023 5 707 779 707 779 707 690 954 690 954 463 979 463 0 73 0 29
 33023 5 707 785 707 690 954 690 954 628 979 628 979 628 0 73 0 45
 11579568 5 1639 332 1639 332 1717 332 1717 332 1717 472 1717 472 0 64 0 77
 11579568 5 1599 621 1599 621 1599 628 1717 628 1717 478 1717 478 0 68 0 77
 33023 5 1498 428 1498 428 1534 428 1534 428 1534 621 1534 621 0 67 0 68
 11579568 5 1574 319 1574 319 1574 319 1639 319 1639 319 1639 319 0 64 0 64
 11579568 5 1574 332 1574 332 1574 332 1522 332 1522 332 1522 332 0 64 0 64
 11579568 5 1457 319 1457 319 1457 313 1522 313 1522 306 1522 306 0 64 0 64
 11579568 5 1586 764 1586 764 1592 764 1592 660 1599 660 1599 660 0 68 0 68
 11579568 5 1599 634 1599 634 1599 640 1508 640 1508 647 1508 647 0 68 0 68
 11579568 5 1495 751 1495 751 1508 751 1508 751 1508 660 1508 660 0 68 0 68
 11579568 5 779 805 779 805 779 805 779 792 779 792 779 792 0 80 0 78
 11579568 5 779 811 779 726 943 726 943 340 979 340 979 340 0 80 0 6
 11579568 5 779 817 779 726 943 726 943 492 979 492 979 492 0 80 0 29
 11579568 5 779 823 779 823 779 726 943 726 943 657 979 657 0 80 0 45
 11579568 5 779 726 779 726 475 726 475 161 510 161 510 161 0 78 0 3
 11579568 5 779 737 779 726 475 726 475 319 510 319 510 319 0 78 0 5
 11579568 5 779 748 779 726 475 726 475 469 510 469 510 469 0 78 0 18
 11579568 5 779 759 779 726 475 726 475 615 510 615 510 615 0 78 0 32
 11579568 5 779 770 779 726 943 726 943 187 979 187 979 187 0 78 0 4
 0 5 1289 484 1289 484 1343 484 1343 484 1343 473 1343 473 0 1 0 67
7
 7008 1 14 1321 241 5 0 -2 0 0 64
 7076 1 16 1425 241 5 0 -2 0 0 64
 7076 1 16 1542 241 5 0 -2 0 0 64
 7008 1 14 1294 673 5 0 -2 0 0 68
 7086 1 14 1385 673 5 0 -2 0 0 68
 7074 1 14 1489 673 5 0 -2 0 0 68
 7074 1 14 1580 673 5 0 -2 0 0 68
0
