GRISEL_87
13
 10 10 175 77 128 8 1
 20 80 400 206 81 10 2
 538 570 122 116 113 16 3
 539 881 122 116 124 21 4
 551 499 244 25 25 27 20
 551 499 284 25 25 29 21
 560 1030 199 25 19 31 24
 560 1028 140 25 19 32 25
 560 719 199 25 19 33 26
 560 718 140 25 19 34 27
 550 500 140 25 25 35 28
 550 814 131 25 25 36 29
 550 814 160 25 25 37 30
 0
11
 33023 5 520 250 520 256 544 256 544 178 573 178 573 178 0 20 0 3
 33023 5 520 256 520 256 850 256 850 198 884 198 884 198 0 20 0 4
 65535 5 520 290 520 296 562 296 562 207 573 207 573 207 0 21 0 3
 65535 5 520 296 520 296 868 296 868 227 884 227 884 227 0 21 0 4
 32768 5 682 149 682 149 682 149 721 149 721 149 721 149 0 3 0 27
 32768 5 722 208 722 208 722 208 682 208 682 208 682 208 0 26 0 3
 32768 5 1031 149 1031 149 1031 149 993 149 993 149 993 149 0 25 0 4
 32768 5 1033 208 1033 208 1033 208 993 208 993 208 993 208 0 24 0 4
 16744448 5 521 149 521 149 521 149 573 149 573 149 573 149 0 28 0 3
 16744448 5 835 140 835 140 835 140 884 140 884 140 884 140 0 29 0 4
 16711680 5 835 169 835 169 835 169 884 169 884 169 884 169 0 30 0 4
0
0
